load_zone	timestamp	ZoneTotalCentralDispatch	ZoneTotalDistributedDispatch	UnservedLoad	zone_demand_mw	StorageNetCharge	ChargeEVs	ShiftDemand
Oahu	2020-01-23-00:00	628.323	0	0	532.599	0	0	95.7242
Oahu	2020-01-23-02:00	642.851	0	0	482.673	4.35194	0	155.826
Oahu	2020-01-23-04:00	637.938	0	0	564.319	31.9142	0	41.704
Oahu	2020-01-23-06:00	761.194	0	0	845.771	0	0	-84.5771
Oahu	2020-01-23-08:00	920.616	0	0	918.921	31.9142	0	-30.219
Oahu	2020-01-23-10:00	1073.6	0	0	957.789	8.70388	0	107.103
Oahu	2020-01-23-12:00	1084.7	0	0	968.355	31.9142	118.102	-33.6745
Oahu	2020-01-23-14:00	1027.82	0	0	959.756	0	0	68.0605
Oahu	2020-01-23-16:00	897.826	0	0	952.049	0	0	-54.2223
Oahu	2020-01-23-18:00	949.231	0	0	1054.7	0	0	-105.47
Oahu	2020-01-23-20:00	833.698	0	0	926.331	0	0	-92.6331
Oahu	2020-01-23-22:00	628.522	0	0	696.143	0	0	-67.6209
Oahu	2020-02-23-00:00	734.233	0	0	572.736	0	0	161.498
Oahu	2020-02-23-02:00	776.525	0	0	502.067	0	0	274.458
Oahu	2020-02-23-04:00	641.403	0	0	518.145	0	9.01707	114.241
Oahu	2020-02-23-06:00	582.831	0	0	647.59	0	0	-64.759
Oahu	2020-02-23-08:00	808.265	0	0	853.055	0	0	-44.7906
Oahu	2020-02-23-10:00	953.218	0	0	937.926	0	109.085	-93.7926
Oahu	2020-02-23-12:00	1011.28	0	0	941.162	6.6031	0	63.5192
Oahu	2020-02-23-14:00	922.58	0	0	936.325	31.9142	0	-45.6598
Oahu	2020-02-23-16:00	856.978	0	0	952.197	0	0	-95.2197
Oahu	2020-02-23-18:00	909.979	0	0	1011.09	0	0	-101.109
Oahu	2020-02-23-20:00	831.177	0	0	923.53	0	0	-92.353
Oahu	2020-02-23-22:00	684.295	0	0	760.328	0	0	-76.0328
Oahu	2020-03-23-00:00	594.396	0	0	568.836	0	0	25.5602
Oahu	2020-03-23-02:00	585.16	0	0	503.439	0	0	81.7211
Oahu	2020-03-23-04:00	485.203	0	0	516.544	0	0	-31.3409
Oahu	2020-03-23-06:00	634.771	0	0	609.133	0	0	25.6377
Oahu	2020-03-23-08:00	855.164	0	0	795.72	31.9142	0	27.5301
Oahu	2020-03-23-10:00	991.038	0	0	853.878	0	0	137.159
Oahu	2020-03-23-12:00	936.27	0	0	862.135	0	0	74.1354
Oahu	2020-03-23-14:00	962.095	0	0	858.041	8.70388	118.102	-22.7515
Oahu	2020-03-23-16:00	840.392	0	0	873.856	31.9142	0	-65.3782
Oahu	2020-03-23-18:00	834.593	0	0	927.326	0	0	-92.7326
Oahu	2020-03-23-20:00	795.979	0	0	884.422	0	0	-88.4422
Oahu	2020-03-23-22:00	639.887	0	0	710.986	0	0	-71.0986
Oahu	2020-04-23-00:00	715.817	0	0	543.073	0	0	172.744
Oahu	2020-04-23-02:00	690.925	0	0	492.896	0	0	198.029
Oahu	2020-04-23-04:00	683.122	0	0	560.775	0	0	122.347
Oahu	2020-04-23-06:00	763.445	0	0	820.602	0	0	-57.1578
Oahu	2020-04-23-08:00	917.558	0	0	962.009	31.9142	19.8363	-96.2009
Oahu	2020-04-23-10:00	1069.32	0	0	1028.95	15.8218	0	24.5449
Oahu	2020-04-23-12:00	1151.35	0	0	1052.35	0	98.2656	0.738733
Oahu	2020-04-23-14:00	1072.74	0	0	1057.27	0	0	15.4675
Oahu	2020-04-23-16:00	939.928	0	0	1044.36	0	0	-104.436
Oahu	2020-04-23-18:00	941.173	0	0	1045.75	0	0	-104.575
Oahu	2020-04-23-20:00	883.303	0	0	981.448	0	0	-98.1448
Oahu	2020-04-23-22:00	660.213	0	0	733.57	0	0	-73.357
Oahu	2020-05-23-00:00	760.56	0	0	615.228	0	0	145.331
Oahu	2020-05-23-02:00	734.386	0	0	561.907	0	0	172.48
Oahu	2020-05-23-04:00	729.137	0	0	641.403	0	0	87.7336
Oahu	2020-05-23-06:00	807.99	0	0	897.766	0	0	-89.7766
Oahu	2020-05-23-08:00	1011.19	0	0	1042.01	0	0	-30.8171
Oahu	2020-05-23-10:00	1101.31	0	0	1100.09	0	0	1.22396
Oahu	2020-05-23-12:00	1159.39	0	0	1111.76	0	0	47.6277
Oahu	2020-05-23-14:00	1067.33	0	0	1098.46	0	61.8001	-92.936
Oahu	2020-05-23-16:00	998.843	0	0	1047.27	0	56.3018	-104.727
Oahu	2020-05-23-18:00	916.864	0	0	1018.74	0	0	-101.874
Oahu	2020-05-23-20:00	870.665	0	0	967.406	0	0	-96.7406
Oahu	2020-05-23-22:00	847.584	0	0	782.421	2.68871	0	62.4747
Oahu	2020-06-23-00:00	630.12	0	0	595.137	0	39.1334	-4.15015
Oahu	2020-06-23-02:00	656.899	0	0	541.369	31.4103	0	84.1199
Oahu	2020-06-23-04:00	784.501	0	0	612.004	0	0	172.497
Oahu	2020-06-23-06:00	793.32	0	0	846.56	0	0	-53.2398
Oahu	2020-06-23-08:00	1016.41	0	0	1003.44	0	0	12.9742
Oahu	2020-06-23-10:00	1113.8	0	0	1083.87	0	0	29.9303
Oahu	2020-06-23-12:00	1212.76	0	0	1106.43	0	0	106.327
Oahu	2020-06-23-14:00	1155.8	0	0	1108.46	0	0	47.3442
Oahu	2020-06-23-16:00	1051.83	0	0	1080.96	0	78.9684	-108.096
Oahu	2020-06-23-18:00	943.705	0	0	1048.56	0	0	-104.856
Oahu	2020-06-23-20:00	927.444	0	0	1030.49	0	0	-103.049
Oahu	2020-06-23-22:00	718.216	0	0	798.018	0	0	-79.8018
Oahu	2020-07-23-00:00	821.808	0	0	654.222	0	0	167.586
Oahu	2020-07-23-02:00	776.77	0	0	594.588	0	95.3737	86.8085
Oahu	2020-07-23-04:00	635.71	0	0	656.532	0	0	-20.8218
Oahu	2020-07-23-06:00	885.917	0	0	885.794	0	0	0.123409
Oahu	2020-07-23-08:00	1064.42	0	0	1032.14	0	0	32.2824
Oahu	2020-07-23-10:00	1193.31	0	0	1113.9	31.9142	0	47.4969
Oahu	2020-07-23-12:00	1252.97	0	0	1130.49	8.70388	0	113.773
Oahu	2020-07-23-14:00	1132.77	0	0	1124.4	31.9142	0	-23.5443
Oahu	2020-07-23-16:00	997.869	0	0	1108.74	0	0	-110.874
Oahu	2020-07-23-18:00	965.862	0	0	1073.18	0	0	-107.318
Oahu	2020-07-23-20:00	933.187	0	0	1036.87	0	0	-103.687
Oahu	2020-07-23-22:00	759.14	0	0	818.235	0	22.7281	-81.8235
Oahu	2020-08-23-00:00	674.673	0	0	645.303	0	7.6889	21.6817
Oahu	2020-08-23-02:00	639.017	0	0	574.382	0	0	64.6347
Oahu	2020-08-23-04:00	654.448	0	0	589.785	0	0	64.6625
Oahu	2020-08-23-06:00	735.371	0	0	717.881	0	0	17.4902
Oahu	2020-08-23-08:00	999.384	0	0	933.169	0	0	66.2148
Oahu	2020-08-23-10:00	1022.64	0	0	1013.58	0	110.413	-101.358
Oahu	2020-08-23-12:00	1123.46	0	0	1019.81	0	0	103.652
Oahu	2020-08-23-14:00	1072.55	0	0	1013.73	0	0	58.8166
Oahu	2020-08-23-16:00	984.613	0	0	1004.92	0	0	-20.3111
Oahu	2020-08-23-18:00	889.55	0	0	988.389	0	0	-98.8389
Oahu	2020-08-23-20:00	860.652	0	0	956.28	0	0	-95.628
Oahu	2020-08-23-22:00	729.146	0	0	810.162	0	0	-81.0162
Oahu	2020-09-23-00:00	698.978	0	0	602.387	0	0	96.591
Oahu	2020-09-23-02:00	730.923	0	0	555.937	0	0	174.985
Oahu	2020-09-23-04:00	819.68	0	0	641.918	2.60159	0	175.16
Oahu	2020-09-23-06:00	803.626	0	0	892.918	0	0	-89.2918
Oahu	2020-09-23-08:00	1025.06	0	0	1027.41	0	83.3357	-85.6779
Oahu	2020-09-23-10:00	1108.89	0	0	1085.51	0	0	23.3795
Oahu	2020-09-23-12:00	1166.81	0	0	1112.56	31.9142	0	22.3301
Oahu	2020-09-23-14:00	1134.34	0	0	1114.02	31.9142	0	-11.5936
Oahu	2020-09-23-16:00	1080.67	0	0	1087.99	8.70388	0	-16.0201
Oahu	2020-09-23-18:00	1024.49	0	0	1138.33	0	0	-113.833
Oahu	2020-09-23-20:00	898.905	0	0	998.784	0	0	-99.8784
Oahu	2020-09-23-22:00	720.132	0	0	761.517	0	34.7661	-76.1517
Oahu	2020-10-23-00:00	670.43	0	0	596.589	0	0	73.8406
Oahu	2020-10-23-02:00	641.693	0	0	547.704	0	0	93.989
Oahu	2020-10-23-04:00	637.065	0	0	613.673	0	0	23.3913
Oahu	2020-10-23-06:00	774.552	0	0	860.614	0	0	-86.0614
Oahu	2020-10-23-08:00	1082.24	0	0	986.846	22.9104	0	72.4889
Oahu	2020-10-23-10:00	1181.3	0	0	1047.7	0	118.102	15.4938
Oahu	2020-10-23-12:00	1208.94	0	0	1070.73	0	0	138.206
Oahu	2020-10-23-14:00	1152.78	0	0	1065.16	31.9142	0	55.7038
Oahu	2020-10-23-16:00	938.744	0	0	1043.05	0	0	-104.305
Oahu	2020-10-23-18:00	992.137	0	0	1102.37	0	0	-110.237
Oahu	2020-10-23-20:00	871.365	0	0	968.183	0	0	-96.8183
Oahu	2020-10-23-22:00	681.218	0	0	756.909	0	0	-75.6909
Oahu	2020-11-23-00:00	494.817	0	0	549.797	0	0	-54.9797
Oahu	2020-11-23-02:00	550.364	0	0	500.992	0	67.6342	-18.2625
Oahu	2020-11-23-04:00	523.209	0	0	525.269	0	50.4676	-52.5269
Oahu	2020-11-23-06:00	562.412	0	0	624.903	0	0	-62.4903
Oahu	2020-11-23-08:00	903.733	0	0	809.933	31.9142	0	61.8849
Oahu	2020-11-23-10:00	999.415	0	0	894.747	6.4386	0	98.229
Oahu	2020-11-23-12:00	1080.48	0	0	887.315	31.9142	0	161.255
Oahu	2020-11-23-14:00	1028.85	0	0	873.215	0	0	155.639
Oahu	2020-11-23-16:00	818.6	0	0	909.556	0	0	-90.9556
Oahu	2020-11-23-18:00	924.768	0	0	1027.52	0	0	-102.752
Oahu	2020-11-23-20:00	815.008	0	0	905.565	0	0	-90.5565
Oahu	2020-11-23-22:00	741.331	0	0	713.902	31.9142	0	-4.48509
Oahu	2020-12-23-00:00	701.277	0	0	555.229	0	0	146.049
Oahu	2020-12-23-02:00	676.511	0	0	491.181	17.6774	0	167.652
Oahu	2020-12-23-04:00	658.522	0	0	560.695	0	3.62999	94.1976
Oahu	2020-12-23-06:00	707.04	0	0	785.6	0	0	-78.56
Oahu	2020-12-23-08:00	838.041	0	0	931.157	0	0	-93.1157
Oahu	2020-12-23-10:00	956.898	0	0	997.526	0.254564	58.8699	-99.7526
Oahu	2020-12-23-12:00	1055.11	0	0	998.715	0.254564	0	56.143
Oahu	2020-12-23-14:00	1148.21	0	0	989.418	30.1527	0	128.635
Oahu	2020-12-23-16:00	927.276	0	0	968.527	0	55.6019	-96.8527
Oahu	2020-12-23-18:00	939.958	0	0	1044.4	0	0	-104.44
Oahu	2020-12-23-20:00	845.297	0	0	939.218	0	0	-93.9218
Oahu	2020-12-23-22:00	736.272	0	0	762.306	0	0	-26.0345
Oahu	2025-01-23-00:00	562.925	0	0	539.48	17.7892	59.6031	-53.948
Oahu	2025-01-23-02:00	559.351	0	0	495.335	0	79.4602	-15.4447
Oahu	2025-01-23-04:00	554.438	0	0	567.529	0	0	-13.0909
Oahu	2025-01-23-06:00	734.755	0	0	816.394	0	0	-81.6394
Oahu	2025-01-23-08:00	936.645	0	0	881.075	128.639	0	-73.0695
Oahu	2025-01-23-10:00	1229.09	0	0	915.443	35.0834	0	278.563
Oahu	2025-01-23-12:00	1165.23	0	0	924.785	0	0	240.448
Oahu	2025-01-23-14:00	1099.31	0	0	917.182	128.639	145.205	-91.7182
Oahu	2025-01-23-16:00	977.551	0	0	910.367	0	0	67.1842
Oahu	2025-01-23-18:00	901.021	0	0	1001.13	0	0	-100.113
Oahu	2025-01-23-20:00	798.864	0	0	887.627	0	0	-88.7627
Oahu	2025-01-23-22:00	615.681	0	0	684.09	0	0	-68.409
Oahu	2025-02-23-00:00	595.333	0	0	574.97	77.86	0	-57.497
Oahu	2025-02-23-02:00	637.625	0	0	512.484	64.0482	14.2998	46.7935
Oahu	2025-02-23-04:00	502.503	0	0	526.7	0	0	-24.1968
Oahu	2025-02-23-06:00	577.042	0	0	641.158	0	0	-64.1158
Oahu	2025-02-23-08:00	913.477	0	0	822.835	128.639	0	-37.9972
Oahu	2025-02-23-10:00	1078.06	0	0	897.88	0	269.969	-89.788
Oahu	2025-02-23-12:00	1203.37	0	0	900.741	0	0	302.626
Oahu	2025-02-23-14:00	1134.77	0	0	896.464	0	0	238.308
Oahu	2025-02-23-16:00	976.317	0	0	910.498	123.433	0	-57.6152
Oahu	2025-02-23-18:00	866.314	0	0	962.571	0	0	-96.2571
Oahu	2025-02-23-20:00	796.635	0	0	885.15	0	0	-88.515
Oahu	2025-02-23-22:00	669.098	0	0	740.844	0	0	-71.7458
Oahu	2025-03-23-00:00	548.366	0	0	571.522	0	0	-23.1564
Oahu	2025-03-23-02:00	544.219	0	0	513.697	81.8923	0	-51.3697
Oahu	2025-03-23-04:00	517.486	0	0	525.284	0	0	-7.79826
Oahu	2025-03-23-06:00	585.446	0	0	607.154	0	0	-21.7079
Oahu	2025-03-23-08:00	966.532	0	0	772.137	0	0	194.395
Oahu	2025-03-23-10:00	1040.01	0	0	823.563	128.639	0	87.8046
Oahu	2025-03-23-12:00	1082.58	0	0	830.863	50.5342	284.268	-83.0863
Oahu	2025-03-23-14:00	904.243	0	0	827.243	0	0	76.9998
Oahu	2025-03-23-16:00	1025.96	0	0	841.227	113.188	0	71.5481
Oahu	2025-03-23-18:00	799.656	0	0	888.507	0	0	-88.8507
Oahu	2025-03-23-20:00	765.513	0	0	850.57	0	0	-85.057
Oahu	2025-03-23-22:00	627.493	0	0	697.214	0	0	-69.7214
Oahu	2025-04-23-00:00	549.417	0	0	548.742	24.9289	30.6206	-54.8742
Oahu	2025-04-23-02:00	504.625	0	0	504.374	50.6878	0	-50.4374
Oahu	2025-04-23-04:00	507.955	0	0	564.394	0	0	-56.4394
Oahu	2025-04-23-06:00	714.725	0	0	794.139	0	0	-79.4139
Oahu	2025-04-23-08:00	1065.29	0	0	919.174	0	238.037	-91.9174
Oahu	2025-04-23-10:00	1242.16	0	0	978.364	35.0834	0	228.714
Oahu	2025-04-23-12:00	1320.63	0	0	999.052	0	0	321.578
Oahu	2025-04-23-14:00	1257.92	0	0	1003.41	128.639	15.6105	110.263
Oahu	2025-04-23-16:00	1057.84	0	0	991.994	128.639	0	-62.7969
Oahu	2025-04-23-18:00	893.896	0	0	993.218	0	0	-99.3218
Oahu	2025-04-23-20:00	842.726	0	0	936.363	0	0	-93.6363
Oahu	2025-04-23-22:00	645.465	0	0	717.183	0	0	-71.7183
Oahu	2025-05-23-00:00	642.06	0	0	612.543	0	0	29.5165
Oahu	2025-05-23-02:00	604.126	0	0	565.395	5.06781	90.2028	-56.5395
Oahu	2025-05-23-04:00	618.777	0	0	635.688	0	0	-16.9109
Oahu	2025-05-23-06:00	776.132	0	0	862.369	0	0	-86.2369
Oahu	2025-05-23-08:00	1183.83	0	0	989.911	85.3347	0	108.584
Oahu	2025-05-23-10:00	1270.2	0	0	1041.27	0	0	228.937
Oahu	2025-05-23-12:00	1303.81	0	0	1051.59	0	194.066	58.1552
Oahu	2025-05-23-14:00	1161.73	0	0	1039.83	128.639	0	-6.73488
Oahu	2025-05-23-16:00	1001.16	0	0	994.562	0	0	6.59563
Oahu	2025-05-23-18:00	872.401	0	0	969.335	0	0	-96.9335
Oahu	2025-05-23-20:00	831.552	0	0	923.946	0	0	-92.3946
Oahu	2025-05-23-22:00	737.224	0	0	760.378	52.8837	0	-76.0378
Oahu	2025-06-23-00:00	535.3	0	0	594.778	0	0	-59.4778
Oahu	2025-06-23-02:00	492.512	0	0	547.235	0	0	-54.7235
Oahu	2025-06-23-04:00	599.641	0	0	609.692	33.6957	0	-43.7462
Oahu	2025-06-23-06:00	735.382	0	0	817.092	0	0	-81.7092
Oahu	2025-06-23-08:00	1144.47	0	0	955.806	47.6256	0	141.042
Oahu	2025-06-23-10:00	1270.15	0	0	1026.93	65.5573	0	177.66
Oahu	2025-06-23-12:00	1354.42	0	0	1046.88	128.639	0	178.907
Oahu	2025-06-23-14:00	1305.49	0	0	1048.67	50.5397	284.268	-77.9898
Oahu	2025-06-23-16:00	1119.35	0	0	1024.35	0	0	94.9978
Oahu	2025-06-23-18:00	896.134	0	0	995.705	0	0	-99.5705
Oahu	2025-06-23-20:00	881.756	0	0	979.729	0	0	-97.9729
Oahu	2025-06-23-22:00	696.753	0	0	774.17	0	0	-77.417
Oahu	2025-07-23-00:00	737.508	0	0	647.022	0	0	90.4853
Oahu	2025-07-23-02:00	692.47	0	0	594.293	0	0	98.1776
Oahu	2025-07-23-04:00	584.158	0	0	649.065	0	0	-64.9065
Oahu	2025-07-23-06:00	772.605	0	0	851.783	0	6.00042	-85.1783
Oahu	2025-07-23-08:00	1034.53	0	0	981.185	38.7185	0	14.6251
Oahu	2025-07-23-10:00	1307.36	0	0	1053.48	59.9658	133.913	60.0048
Oahu	2025-07-23-12:00	1312.98	0	0	1068.15	76.7172	0	168.114
Oahu	2025-07-23-14:00	1223.53	0	0	1062.76	57.7143	0	103.059
Oahu	2025-07-23-16:00	1117.83	0	0	1048.92	29.4497	144.355	-104.892
Oahu	2025-07-23-18:00	915.727	0	0	1017.47	0	0	-101.747
Oahu	2025-07-23-20:00	886.834	0	0	985.371	0	0	-98.5371
Oahu	2025-07-23-22:00	712.842	0	0	792.046	0	0	-79.2046
Oahu	2025-08-23-00:00	575.222	0	0	639.136	0	0	-63.9136
Oahu	2025-08-23-02:00	518.784	0	0	576.426	0	0	-57.6426
Oahu	2025-08-23-04:00	531.041	0	0	590.046	0	0	-59.0046
Oahu	2025-08-23-06:00	632.98	0	0	703.311	0	0	-70.3311
Oahu	2025-08-23-08:00	1231.03	0	0	893.673	56.9702	0	280.387
Oahu	2025-08-23-10:00	1038.18	0	0	964.775	62.9681	0	10.4352
Oahu	2025-08-23-12:00	1276.82	0	0	970.285	59.6749	32.7243	214.137
Oahu	2025-08-23-14:00	1200.6	0	0	964.906	80.6431	251.544	-96.4906
Oahu	2025-08-23-16:00	1095.8	0	0	957.121	32.1054	0	106.575
Oahu	2025-08-23-18:00	848.25	0	0	942.5	0	0	-94.25
Oahu	2025-08-23-20:00	822.697	0	0	914.108	0	0	-91.4108
Oahu	2025-08-23-22:00	706.417	0	0	784.908	0	0	-78.4908
Oahu	2025-09-23-00:00	541.07	0	0	601.189	0	0	-60.1189
Oahu	2025-09-23-02:00	561.323	0	0	560.117	57.2172	0	-56.0117
Oahu	2025-09-23-04:00	650.08	0	0	636.143	77.5514	0	-63.6143
Oahu	2025-09-23-06:00	772.274	0	0	858.082	0	0	-85.8082
Oahu	2025-09-23-08:00	1189.08	0	0	976.999	50.8938	26.4961	134.691
Oahu	2025-09-23-10:00	1209.13	0	0	1028.37	126.328	0	54.4257
Oahu	2025-09-23-12:00	1352.12	0	0	1052.3	51.1906	0	248.637
Oahu	2025-09-23-14:00	1286.58	0	0	1053.58	25.2742	0	207.722
Oahu	2025-09-23-16:00	1223.96	0	0	1030.57	38.6746	257.772	-103.057
Oahu	2025-09-23-18:00	967.57	0	0	1075.08	0	0	-107.508
Oahu	2025-09-23-20:00	856.522	0	0	951.691	0	0	-95.1691
Oahu	2025-09-23-22:00	667.706	0	0	741.895	0	0	-74.1895
Oahu	2025-10-23-00:00	634.13	0	0	596.062	97.6738	0	-59.6062
Oahu	2025-10-23-02:00	515.393	0	0	552.837	17.8399	0	-55.2837
Oahu	2025-10-23-04:00	550.051	0	0	611.168	0	0	-61.1168
Oahu	2025-10-23-06:00	746.566	0	0	829.518	0	0	-82.9518
Oahu	2025-10-23-08:00	1178.39	0	0	941.135	47.1015	284.268	-94.1135
Oahu	2025-10-23-10:00	1336.79	0	0	994.946	62.944	0	278.903
Oahu	2025-10-23-12:00	1338.07	0	0	1015.31	84.2802	0	238.484
Oahu	2025-10-23-14:00	1276	0	0	1010.39	63.4143	0	202.2
Oahu	2025-10-23-16:00	929.511	0	0	990.831	34.6217	0	-95.942
Oahu	2025-10-23-18:00	938.959	0	0	1043.29	0	0	-104.329
Oahu	2025-10-23-20:00	832.17	0	0	924.634	0	0	-92.4634
Oahu	2025-10-23-22:00	664.038	0	0	737.82	0	0	-73.782
Oahu	2025-11-23-00:00	499.219	0	0	554.687	0	0	-55.4687
Oahu	2025-11-23-02:00	510.564	0	0	511.533	47.2299	2.95401	-51.1533
Oahu	2025-11-23-04:00	479.699	0	0	532.999	0	0	-53.2999
Oahu	2025-11-23-06:00	558.988	0	0	621.097	0	0	-62.1097
Oahu	2025-11-23-08:00	940.622	0	0	784.706	15.1387	219.249	-78.4706
Oahu	2025-11-23-10:00	1129.53	0	0	859.7	51.9143	62.0658	155.846
Oahu	2025-11-23-12:00	1180.36	0	0	853.128	56.7773	0	270.455
Oahu	2025-11-23-14:00	1133.46	0	0	840.661	128.639	0	164.161
Oahu	2025-11-23-16:00	862.457	0	0	872.794	25.0068	0	-35.344
Oahu	2025-11-23-18:00	879.39	0	0	977.1	0	0	-97.71
Oahu	2025-11-23-20:00	782.339	0	0	869.265	0	0	-86.9265
Oahu	2025-11-23-22:00	681.619	0	0	699.792	51.8061	0	-69.9792
Oahu	2025-12-23-00:00	701.277	0	0	559.49	0	0	141.787
Oahu	2025-12-23-02:00	586.511	0	0	502.858	0	0	83.6528
Oahu	2025-12-23-04:00	568.522	0	0	564.323	60.6311	0	-56.4323
Oahu	2025-12-23-06:00	686.87	0	0	763.189	0	0	-76.3189
Oahu	2025-12-23-08:00	802.704	0	0	891.894	0	0	-89.1894
Oahu	2025-12-23-10:00	1042.81	0	0	950.579	63.4143	123.874	-95.0579
Oahu	2025-12-23-12:00	1189.7	0	0	951.63	99.5657	160.394	-21.8952
Oahu	2025-12-23-14:00	1308.44	0	0	943.41	63.4143	0	301.611
Oahu	2025-12-23-16:00	972.036	0	0	924.937	39.8306	0	7.26826
Oahu	2025-12-23-18:00	892.822	0	0	992.024	0	0	-99.2024
Oahu	2025-12-23-20:00	809.12	0	0	899.022	0	0	-89.9022
Oahu	2025-12-23-22:00	736.272	0	0	742.593	0	0	-6.3209
Oahu	2030-01-23-00:00	547.745	0	0	608.605	0	0	-60.8605
Oahu	2030-01-23-02:00	559.351	0	0	579.781	0	37.548	-57.9781
Oahu	2030-01-23-04:00	564.227	0	0	626.919	0	0	-62.6919
Oahu	2030-01-23-06:00	710.473	0	0	789.415	0	0	-78.9415
Oahu	2030-01-23-08:00	947.127	0	0	831.648	0	0	115.479
Oahu	2030-01-23-10:00	1248.69	0	0	854.088	0	0	394.598
Oahu	2030-01-23-12:00	1185.15	0	0	860.188	128.639	282.343	-86.0188
Oahu	2030-01-23-14:00	1124.88	0	0	855.224	103.263	0	166.391
Oahu	2030-01-23-16:00	980.611	0	0	850.774	26.6935	188.221	-85.0774
Oahu	2030-01-23-18:00	819.036	0	0	910.04	0	0	-91.004
Oahu	2030-01-23-20:00	752.333	0	0	835.926	0	0	-83.5926
Oahu	2030-01-23-22:00	632.724	0	0	703.027	0	0	-70.3027
Oahu	2030-02-23-00:00	595.333	0	0	631.778	26.7329	0	-63.1778
Oahu	2030-02-23-02:00	637.625	0	0	590.978	105.745	0	-59.0978
Oahu	2030-02-23-04:00	540.234	0	0	600.26	0	0	-60.026
Oahu	2030-02-23-06:00	607.496	0	0	674.995	0	0	-67.4995
Oahu	2030-02-23-08:00	954.127	0	0	793.62	139.559	0	20.9474
Oahu	2030-02-23-10:00	1124.41	0	0	842.62	26.6935	36.6216	218.473
Oahu	2030-02-23-12:00	1258.22	0	0	844.489	26.6935	471.491	-84.4489
Oahu	2030-02-23-14:00	1197.11	0	0	841.696	155.333	0	200.079
Oahu	2030-02-23-16:00	1026.62	0	0	850.86	35.0834	0	140.676
Oahu	2030-02-23-18:00	796.374	0	0	884.86	0	0	-88.486
Oahu	2030-02-23-20:00	750.878	0	0	834.308	0	0	-83.4308
Oahu	2030-02-23-22:00	666.076	0	0	740.084	0	0	-74.0084
Oahu	2030-03-23-00:00	566.574	0	0	629.527	0	0	-62.9527
Oahu	2030-03-23-02:00	553.531	0	0	591.77	20.938	0	-59.177
Oahu	2030-03-23-04:00	539.402	0	0	599.336	0	0	-59.9336
Oahu	2030-03-23-06:00	598.433	0	0	652.792	10.9201	0	-65.2792
Oahu	2030-03-23-08:00	889.658	0	0	760.518	0	205.192	-76.0518
Oahu	2030-03-23-10:00	1255.64	0	0	794.096	61.7769	0	399.769
Oahu	2030-03-23-12:00	986.283	0	0	798.862	155.333	111.974	-79.8862
Oahu	2030-03-23-14:00	1055.08	0	0	796.499	26.6935	190.947	40.9387
Oahu	2030-03-23-16:00	1132.82	0	0	805.629	128.639	0	198.555
Oahu	2030-03-23-18:00	752.85	0	0	836.5	0	0	-83.65
Oahu	2030-03-23-20:00	730.557	0	0	811.729	0	0	-81.1729
Oahu	2030-03-23-22:00	640.437	0	0	711.597	0	0	-71.1597
Oahu	2030-04-23-00:00	553.187	0	0	614.653	0	0	-61.4653
Oahu	2030-04-23-02:00	527.115	0	0	585.683	0	0	-58.5683
Oahu	2030-04-23-04:00	562.385	0	0	624.872	0	0	-62.4872
Oahu	2030-04-23-06:00	697.395	0	0	774.884	0	0	-77.4884
Oahu	2030-04-23-08:00	1052.15	0	0	856.524	155.333	125.942	-85.6524
Oahu	2030-04-23-10:00	1223.98	0	0	895.172	155.333	0	173.479
Oahu	2030-04-23-12:00	1315.7	0	0	908.68	46.0035	157.341	203.68
Oahu	2030-04-23-14:00	1246.85	0	0	911.526	26.6935	0	308.635
Oahu	2030-04-23-16:00	1038.5	0	0	904.072	0	224.83	-90.4072
Oahu	2030-04-23-18:00	814.384	0	0	904.871	0	0	-90.4871
Oahu	2030-04-23-20:00	780.973	0	0	867.748	0	0	-86.7748
Oahu	2030-04-23-22:00	652.172	0	0	724.636	0	0	-72.4636
Oahu	2030-05-23-00:00	590.68	0	0	656.311	0	0	-65.6311
Oahu	2030-05-23-02:00	562.973	0	0	625.526	0	0	-62.5526
Oahu	2030-05-23-04:00	604.281	0	0	671.423	0	0	-67.1423
Oahu	2030-05-23-06:00	737.491	0	0	819.434	0	0	-81.9434
Oahu	2030-05-23-08:00	1193.7	0	0	902.712	0	0	290.984
Oahu	2030-05-23-10:00	1214.77	0	0	936.244	0	372.15	-93.6244
Oahu	2030-05-23-12:00	1296.49	0	0	942.984	116.737	0	236.773
Oahu	2030-05-23-14:00	1125.56	0	0	935.306	0	135.963	54.2897
Oahu	2030-05-23-16:00	944.772	0	0	905.749	0	0	39.0229
Oahu	2030-05-23-18:00	800.349	0	0	889.277	0	0	-88.9277
Oahu	2030-05-23-20:00	773.676	0	0	859.64	0	0	-85.964
Oahu	2030-05-23-22:00	677.556	0	0	752.839	0	0	-75.2839
Oahu	2030-06-23-00:00	580.24	0	0	644.712	0	0	-64.4712
Oahu	2030-06-23-02:00	552.302	0	0	613.669	0	0	-61.3669
Oahu	2030-06-23-04:00	589.416	0	0	654.45	0.4119	0	-65.445
Oahu	2030-06-23-06:00	710.883	0	0	789.87	0	0	-78.987
Oahu	2030-06-23-08:00	1106.37	0	0	880.443	61.7769	0	164.154
Oahu	2030-06-23-10:00	1246.11	0	0	926.882	0	156.519	162.708
Oahu	2030-06-23-12:00	1337.07	0	0	939.908	139.559	351.594	-93.9908
Oahu	2030-06-23-14:00	1266.3	0	0	941.076	155.333	0	169.886
Oahu	2030-06-23-16:00	1075.85	0	0	925.198	26.6935	0	123.953
Oahu	2030-06-23-18:00	815.845	0	0	906.495	0	0	-90.6495
Oahu	2030-06-23-20:00	806.457	0	0	896.064	0	0	-89.6064
Oahu	2030-06-23-22:00	685.66	0	0	761.845	0	0	-76.1845
Oahu	2030-07-23-00:00	674.208	0	0	678.824	0	0	-4.61656
Oahu	2030-07-23-02:00	629.17	0	0	644.395	0	0	-15.2244
Oahu	2030-07-23-04:00	612.142	0	0	680.158	0	0	-68.0158
Oahu	2030-07-23-06:00	731.27	0	0	812.522	0	0	-81.2522
Oahu	2030-07-23-08:00	983.213	0	0	897.014	144.155	0	-57.9563
Oahu	2030-07-23-10:00	1303.53	0	0	944.219	59.6159	276.665	23.03
Oahu	2030-07-23-12:00	1279.35	0	0	953.798	12.4484	0	313.105
Oahu	2030-07-23-14:00	1207.18	0	0	950.28	12.4484	0	244.451
Oahu	2030-07-23-16:00	1089.78	0	0	941.241	11.2173	231.448	-94.1241
Oahu	2030-07-23-18:00	828.638	0	0	920.709	0	0	-92.0709
Oahu	2030-07-23-20:00	809.773	0	0	899.748	0	0	-89.9748
Oahu	2030-07-23-22:00	696.165	0	0	773.517	0	0	-77.3517
Oahu	2030-08-23-00:00	606.307	0	0	673.675	0	0	-67.3675
Oahu	2030-08-23-02:00	569.456	0	0	632.729	0	0	-63.2729
Oahu	2030-08-23-04:00	577.46	0	0	641.622	0	0	-64.1622
Oahu	2030-08-23-06:00	644.02	0	0	715.578	0	0	-71.5578
Oahu	2030-08-23-08:00	1173.26	0	0	839.874	35.5044	0	297.882
Oahu	2030-08-23-10:00	1045.22	0	0	886.299	44.9762	0	113.946
Oahu	2030-08-23-12:00	1295.21	0	0	889.897	124.63	0	280.683
Oahu	2030-08-23-14:00	1214.92	0	0	886.385	62.3593	354.815	-88.6385
Oahu	2030-08-23-16:00	1062.36	0	0	881.302	115.892	153.298	-88.1302
Oahu	2030-08-23-18:00	784.58	0	0	871.755	0	0	-87.1755
Oahu	2030-08-23-20:00	767.895	0	0	853.217	0	0	-85.3217
Oahu	2030-08-23-22:00	691.97	0	0	768.856	0	0	-76.8856
Oahu	2030-09-23-00:00	604.388	0	0	648.897	20.3801	0	-64.8897
Oahu	2030-09-23-02:00	559.872	0	0	622.08	0	0	-62.208
Oahu	2030-09-23-04:00	638.58	0	0	671.72	34.0315	0	-67.172
Oahu	2030-09-23-06:00	734.971	0	0	816.635	0	0	-81.6635
Oahu	2030-09-23-08:00	1138.43	0	0	894.281	10.9201	0	233.233
Oahu	2030-09-23-10:00	1158.14	0	0	927.826	61.7769	0	168.539
Oahu	2030-09-23-12:00	1339.33	0	0	943.446	155.333	334.897	-94.3446
Oahu	2030-09-23-14:00	1228.96	0	0	944.285	155.333	173.216	-43.8756
Oahu	2030-09-23-16:00	1199.32	0	0	929.259	0	0	270.066
Oahu	2030-09-23-18:00	862.489	0	0	958.321	0	0	-95.8321
Oahu	2030-09-23-20:00	789.981	0	0	877.756	0	0	-87.7756
Oahu	2030-09-23-22:00	666.694	0	0	740.771	0	0	-74.0771
Oahu	2030-10-23-00:00	611.13	0	0	645.55	30.1348	0	-64.555
Oahu	2030-10-23-02:00	582.81	0	0	617.326	27.2166	0	-61.7326
Oahu	2030-10-23-04:00	589.872	0	0	655.413	0	0	-65.5413
Oahu	2030-10-23-06:00	718.186	0	0	797.984	0	0	-79.7984
Oahu	2030-10-23-08:00	1185.19	0	0	870.864	26.6935	180.974	106.659
Oahu	2030-10-23-10:00	1326.31	0	0	906	112.157	0	308.154
Oahu	2030-10-23-12:00	1283.14	0	0	919.296	128.639	327.139	-91.9296
Oahu	2030-10-23-14:00	1235.43	0	0	916.081	26.6935	0	292.652
Oahu	2030-10-23-16:00	902.16	0	0	903.313	89.1787	0	-90.3313
Oahu	2030-10-23-18:00	843.808	0	0	937.564	0	0	-93.7564
Oahu	2030-10-23-20:00	774.08	0	0	860.089	0	0	-86.0089
Oahu	2030-10-23-22:00	664.299	0	0	738.11	0	0	-73.811
Oahu	2030-11-23-00:00	556.681	0	0	618.535	0	0	-61.8535
Oahu	2030-11-23-02:00	531.321	0	0	590.357	0	0	-59.0357
Oahu	2030-11-23-04:00	543.936	0	0	604.373	0	0	-60.4373
Oahu	2030-11-23-06:00	595.707	0	0	661.897	0	0	-66.1897
Oahu	2030-11-23-08:00	987.772	0	0	768.724	5.17282	290.748	-76.8724
Oahu	2030-11-23-10:00	1169.73	0	0	817.691	139.426	0	212.612
Oahu	2030-11-23-12:00	1230.34	0	0	813.4	66.4484	0	350.497
Oahu	2030-11-23-14:00	1138.28	0	0	805.26	41.9484	217.365	73.7066
Oahu	2030-11-23-16:00	887.204	0	0	826.241	130.233	0	-69.2704
Oahu	2030-11-23-18:00	804.912	0	0	894.347	0	0	-89.4347
Oahu	2030-11-23-20:00	749.848	0	0	823.937	8.30541	0	-82.3937
Oahu	2030-11-23-22:00	701.531	0	0	713.28	59.5787	0	-71.328
Oahu	2030-12-23-00:00	611.277	0	0	621.67	0	0	-10.393
Oahu	2030-12-23-02:00	586.511	0	0	584.693	0	60.2872	-58.4693
Oahu	2030-12-23-04:00	568.522	0	0	624.826	0	6.17845	-62.4826
Oahu	2030-12-23-06:00	679.207	0	0	754.675	0	0	-75.4675
Oahu	2030-12-23-08:00	805.54	0	0	838.712	0	50.6995	-83.8712
Oahu	2030-12-23-10:00	1096.65	0	0	877.03	53.4484	0	166.173
Oahu	2030-12-23-12:00	1238.91	0	0	877.717	86.5825	186.178	88.4357
Oahu	2030-12-23-14:00	1371.96	0	0	872.349	128.639	0	370.972
Oahu	2030-12-23-16:00	1008.89	0	0	860.287	29.8648	204.769	-86.0287
Oahu	2030-12-23-18:00	813.683	0	0	904.092	0	0	-90.4092
Oahu	2030-12-23-20:00	759.03	0	0	843.366	0	0	-84.3366
Oahu	2030-12-23-22:00	667.104	0	0	741.227	0	0	-74.1227
Oahu	2035-01-23-00:00	557.044	0	0	618.938	0	0	-61.8938
Oahu	2035-01-23-02:00	561.261	0	0	589.148	0	31.0279	-58.9148
Oahu	2035-01-23-04:00	574.078	0	0	637.865	0	0	-63.7865
Oahu	2035-01-23-06:00	725.22	0	0	805.8	0	0	-80.58
Oahu	2035-01-23-08:00	983.927	0	0	849.447	13.4354	205.989	-84.9447
Oahu	2035-01-23-10:00	1436.66	0	0	872.639	119.267	532.019	-87.2639
Oahu	2035-01-23-12:00	1337.04	0	0	878.943	55.0244	0	403.074
Oahu	2035-01-23-14:00	1262.63	0	0	873.812	245.796	0	143.024
Oahu	2035-01-23-16:00	1035.1	0	0	869.213	24.5102	0	141.371
Oahu	2035-01-23-18:00	837.418	0	0	930.464	0	0	-93.0464
Oahu	2035-01-23-20:00	768.482	0	0	853.868	0	0	-85.3868
Oahu	2035-01-23-22:00	644.869	0	0	716.521	0	0	-71.6521
Oahu	2035-02-23-00:00	578.598	0	0	642.887	0	0	-64.2887
Oahu	2035-02-23-02:00	609.354	0	0	600.72	68.7062	0	-60.072
Oahu	2035-02-23-04:00	549.282	0	0	610.313	0	0	-61.0313
Oahu	2035-02-23-06:00	618.795	0	0	687.55	0	0	-68.755
Oahu	2035-02-23-08:00	1080.88	0	0	810.146	66.8491	7.72696	196.159
Oahu	2035-02-23-10:00	1324.23	0	0	860.787	335.177	214.348	-86.0787
Oahu	2035-02-23-12:00	1459.59	0	0	862.718	28.7451	0	568.125
Oahu	2035-02-23-14:00	1400.84	0	0	859.832	264.831	362.16	-85.9832
Oahu	2035-02-23-16:00	1302.35	0	0	869.302	335.177	184.8	-86.9302
Oahu	2035-02-23-18:00	813.997	0	0	904.441	0	0	-90.4441
Oahu	2035-02-23-20:00	766.977	0	0	852.197	0	0	-85.2197
Oahu	2035-02-23-22:00	679.337	0	0	754.819	0	0	-75.4819
Oahu	2035-03-23-00:00	576.504	0	0	640.56	0	0	-64.056
Oahu	2035-03-23-02:00	541.385	0	0	601.539	0	0	-60.1539
Oahu	2035-03-23-04:00	548.422	0	0	609.358	0	0	-60.9358
Oahu	2035-03-23-06:00	598.144	0	0	664.604	0	0	-66.4604
Oahu	2035-03-23-08:00	1394.87	0	0	775.936	459.6	236.932	-77.5936
Oahu	2035-03-23-10:00	1519.87	0	0	810.638	459.6	330.698	-81.0638
Oahu	2035-03-23-12:00	1647.92	0	0	815.564	362.875	0	469.48
Oahu	2035-03-23-14:00	1608.99	0	0	813.121	459.6	201.405	134.868
Oahu	2035-03-23-16:00	1328.94	0	0	822.558	459.6	0	46.7863
Oahu	2035-03-23-18:00	769.016	0	0	854.462	0	0	-85.4462
Oahu	2035-03-23-20:00	745.976	0	0	828.862	0	0	-82.8862
Oahu	2035-03-23-22:00	652.839	0	0	725.377	0	0	-72.5377
Oahu	2035-04-23-00:00	562.669	0	0	625.188	0	0	-62.5188
Oahu	2035-04-23-02:00	535.723	0	0	595.248	0	0	-59.5248
Oahu	2035-04-23-04:00	572.175	0	0	635.75	0	0	-63.575
Oahu	2035-04-23-06:00	711.704	0	0	790.783	0	0	-79.0783
Oahu	2035-04-23-08:00	1256.74	0	0	875.156	238.452	0	143.134
Oahu	2035-04-23-10:00	1438.35	0	0	915.098	206.874	0	316.378
Oahu	2035-04-23-12:00	1526.89	0	0	929.058	225.851	464.885	-92.9058
Oahu	2035-04-23-14:00	1431.88	0	0	931.999	254.288	0	245.593
Oahu	2035-04-23-16:00	1232.74	0	0	924.296	96.7249	304.15	-92.4296
Oahu	2035-04-23-18:00	832.609	0	0	925.121	0	0	-92.5121
Oahu	2035-04-23-20:00	798.08	0	0	886.755	0	0	-88.6755
Oahu	2035-04-23-22:00	664.967	0	0	738.853	0	0	-73.8853
Oahu	2035-05-23-00:00	601.417	0	0	668.241	0	0	-66.8241
Oahu	2035-05-23-02:00	572.783	0	0	636.425	0	0	-63.6425
Oahu	2035-05-23-04:00	615.473	0	0	683.859	0	0	-68.3859
Oahu	2035-05-23-06:00	753.142	0	0	836.825	0	0	-83.6825
Oahu	2035-05-23-08:00	1411.09	0	0	922.89	238.452	342.041	-92.289
Oahu	2035-05-23-10:00	1391.72	0	0	957.544	28.4506	426.995	-21.2703
Oahu	2035-05-23-12:00	1514.52	0	0	964.511	328.228	0	221.778
Oahu	2035-05-23-14:00	1278.36	0	0	956.576	0	0	321.783
Oahu	2035-05-23-16:00	1034.1	0	0	926.029	0	0	108.072
Oahu	2035-05-23-18:00	818.105	0	0	909.005	0	0	-90.9005
Oahu	2035-05-23-20:00	790.539	0	0	878.377	0	0	-87.8377
Oahu	2035-05-23-22:00	691.201	0	0	768.001	0	0	-76.8001
Oahu	2035-06-23-00:00	590.628	0	0	656.253	0	0	-65.6253
Oahu	2035-06-23-02:00	561.754	0	0	624.171	0	0	-62.4171
Oahu	2035-06-23-04:00	599.685	0	0	666.317	0	0	-66.6317
Oahu	2035-06-23-06:00	725.644	0	0	806.271	0	0	-80.6271
Oahu	2035-06-23-08:00	1305.37	0	0	899.876	96.7249	0	308.765
Oahu	2035-06-23-10:00	1491.16	0	0	947.869	125.129	512.953	-94.7869
Oahu	2035-06-23-12:00	1597.61	0	0	961.331	238.452	0	397.825
Oahu	2035-06-23-14:00	1477.2	0	0	962.539	238.452	256.082	20.1243
Oahu	2035-06-23-16:00	1185.49	0	0	946.13	333.976	0	-94.613
Oahu	2035-06-23-18:00	834.12	0	0	926.8	0	0	-92.68
Oahu	2035-06-23-20:00	824.418	0	0	916.019	0	0	-91.6019
Oahu	2035-06-23-22:00	699.576	0	0	777.307	0	0	-77.7307
Oahu	2035-07-23-00:00	630.656	0	0	691.508	0	8.29957	-69.1508
Oahu	2035-07-23-02:00	591.844	0	0	655.925	0	1.5108	-65.5925
Oahu	2035-07-23-04:00	623.597	0	0	692.886	0	0	-69.2886
Oahu	2035-07-23-06:00	746.713	0	0	829.681	0	0	-82.9681
Oahu	2035-07-23-08:00	991.252	0	0	917.002	68.223	97.7272	-91.7002
Oahu	2035-07-23-10:00	1496.2	0	0	965.787	84.5244	0	445.885
Oahu	2035-07-23-12:00	1379.83	0	0	975.687	68.4481	433.26	-97.5687
Oahu	2035-07-23-14:00	1378.31	0	0	972.05	144.564	0	261.691
Oahu	2035-07-23-16:00	1308	0	0	962.71	83.2933	228.238	33.7614
Oahu	2035-07-23-18:00	847.341	0	0	941.49	0	0	-94.149
Oahu	2035-07-23-20:00	827.844	0	0	919.827	0	0	-91.9827
Oahu	2035-07-23-22:00	710.433	0	0	789.37	0	0	-78.937
Oahu	2035-08-23-00:00	617.567	0	0	686.186	0	0	-68.6186
Oahu	2035-08-23-02:00	579.482	0	0	643.869	0	0	-64.3869
Oahu	2035-08-23-04:00	587.754	0	0	653.06	0	0	-65.306
Oahu	2035-08-23-06:00	656.542	0	0	729.491	0	0	-72.9491
Oahu	2035-08-23-08:00	1433.66	0	0	857.949	96.7249	564.782	-85.7949
Oahu	2035-08-23-10:00	1201.09	0	0	905.928	261.937	123.816	-90.5928
Oahu	2035-08-23-12:00	1546.33	0	0	909.647	100.443	0	536.241
Oahu	2035-08-23-14:00	1335.2	0	0	906.017	335.177	80.4372	13.5645
Oahu	2035-08-23-16:00	1291.78	0	0	900.763	238.452	0	152.561
Oahu	2035-08-23-18:00	801.807	0	0	890.897	0	0	-89.0897
Oahu	2035-08-23-20:00	784.564	0	0	871.738	0	0	-87.1738
Oahu	2035-08-23-22:00	706.098	0	0	784.553	0	0	-78.4553
Oahu	2035-09-23-00:00	594.521	0	0	660.579	0	0	-66.0579
Oahu	2035-09-23-02:00	569.577	0	0	632.864	0	0	-63.2864
Oahu	2035-09-23-04:00	615.749	0	0	684.166	0	0	-68.4166
Oahu	2035-09-23-06:00	750.538	0	0	833.932	0	0	-83.3932
Oahu	2035-09-23-08:00	1384.33	0	0	914.177	238.452	0	231.701
Oahu	2035-09-23-10:00	1283.06	0	0	948.845	238.452	190.643	-94.8845
Oahu	2035-09-23-12:00	1555.57	0	0	964.988	335.177	85.6301	169.776
Oahu	2035-09-23-14:00	1485.96	0	0	965.855	123.928	492.762	-96.5855
Oahu	2035-09-23-16:00	1381.5	0	0	950.326	96.7249	0	334.446
Oahu	2035-09-23-18:00	882.325	0	0	980.361	0	0	-98.0361
Oahu	2035-09-23-20:00	807.389	0	0	897.099	0	0	-89.7099
Oahu	2035-09-23-22:00	679.975	0	0	755.528	0	0	-75.5528
Oahu	2035-10-23-00:00	591.408	0	0	657.119	0	0	-65.7119
Oahu	2035-10-23-02:00	565.156	0	0	627.951	0	0	-62.7951
Oahu	2035-10-23-04:00	600.582	0	0	667.313	0	0	-66.7313
Oahu	2035-10-23-06:00	733.191	0	0	814.656	0	0	-81.4656
Oahu	2035-10-23-08:00	1379.61	0	0	889.976	96.7249	0	392.905
Oahu	2035-10-23-10:00	1548.8	0	0	926.288	264.831	450.314	-92.6288
Oahu	2035-10-23-12:00	1480.72	0	0	940.03	315.969	318.722	-94.003
Oahu	2035-10-23-14:00	1476.56	0	0	936.707	118.018	0	421.835
Oahu	2035-10-23-16:00	1068.35	0	0	923.511	237.19	0	-92.3511
Oahu	2035-10-23-18:00	863.018	0	0	958.909	0	0	-95.8909
Oahu	2035-10-23-20:00	790.957	0	0	878.841	0	0	-87.8841
Oahu	2035-10-23-22:00	677.501	0	0	752.778	0	0	-75.2778
Oahu	2035-11-23-00:00	566.28	0	0	629.2	0	0	-62.92
Oahu	2035-11-23-02:00	540.071	0	0	600.079	0	0	-60.0079
Oahu	2035-11-23-04:00	553.108	0	0	614.564	0	0	-61.4564
Oahu	2035-11-23-06:00	606.612	0	0	674.013	0	0	-67.4013
Oahu	2035-11-23-08:00	1137.3	0	0	784.417	66.7745	213.75	72.3577
Oahu	2035-11-23-10:00	1313.59	0	0	835.023	109.024	0	369.546
Oahu	2035-11-23-12:00	1411.84	0	0	830.588	109.024	555.285	-83.0588
Oahu	2035-11-23-14:00	1231.04	0	0	822.175	335.177	0	73.6846
Oahu	2035-11-23-16:00	950.622	0	0	843.859	57.6169	0	49.1462
Oahu	2035-11-23-18:00	822.821	0	0	914.246	0	0	-91.4246
Oahu	2035-11-23-20:00	757.33	0	0	841.478	0	0	-84.1478
Oahu	2035-11-23-22:00	672.799	0	0	727.117	0	0	-54.3175
Oahu	2035-12-23-00:00	601.31	0	0	632.441	0	32.1137	-63.2441
Oahu	2035-12-23-02:00	562.869	0	0	594.225	0	0	-31.3557
Oahu	2035-12-23-04:00	572.132	0	0	635.702	0	0	-63.5702
Oahu	2035-12-23-06:00	692.908	0	0	769.897	0	0	-76.9897
Oahu	2035-12-23-08:00	910.87	0	0	856.748	52.2129	0	1.90964
Oahu	2035-12-23-10:00	1274	0	0	896.349	223.832	0	153.822
Oahu	2035-12-23-12:00	1399.77	0	0	897.058	124.024	0	378.69
Oahu	2035-12-23-14:00	1578.77	0	0	891.511	124.024	652.39	-89.1511
Oahu	2035-12-23-16:00	1108.1	0	0	879.046	100.441	84.5318	44.077
Oahu	2035-12-23-18:00	831.885	0	0	924.316	0	0	-92.4316
Oahu	2035-12-23-20:00	775.402	0	0	861.558	0	0	-86.1558
Oahu	2035-12-23-22:00	680.399	0	0	755.999	0	0	-75.5999
Oahu	2040-01-23-00:00	631.485	0	0	647.395	0	0	-15.9097
Oahu	2040-01-23-02:00	646.726	0	0	617.64	0	90.8496	-61.764
Oahu	2040-01-23-04:00	644.685	0	0	666.3	0	0	-21.6145
Oahu	2040-01-23-06:00	750.635	0	0	834.039	0	0	-83.4039
Oahu	2040-01-23-08:00	1132	0	0	877.635	22.9618	319.168	-87.7635
Oahu	2040-01-23-10:00	1489.9	0	0	900.799	269.904	409.274	-90.0799
Oahu	2040-01-23-12:00	1314.47	0	0	907.096	56.27	223.025	128.083
Oahu	2040-01-23-14:00	1268.57	0	0	901.971	56.27	0	310.329
Oahu	2040-01-23-16:00	1078.05	0	0	897.378	0	0	180.67
Oahu	2040-01-23-18:00	862.701	0	0	958.557	0	0	-95.8557
Oahu	2040-01-23-20:00	793.846	0	0	882.051	0	0	-88.2051
Oahu	2040-01-23-22:00	670.377	0	0	744.864	0	0	-74.4864
Oahu	2040-02-23-00:00	604.184	0	0	671.316	0	0	-67.1316
Oahu	2040-02-23-02:00	566.279	0	0	629.199	0	0	-62.9199
Oahu	2040-02-23-04:00	574.903	0	0	638.781	0	0	-63.8781
Oahu	2040-02-23-06:00	644.334	0	0	715.927	0	0	-71.5927
Oahu	2040-02-23-08:00	1254.91	0	0	838.38	0	0	416.535
Oahu	2040-02-23-10:00	1501.13	0	0	888.961	178.678	522.391	-88.8961
Oahu	2040-02-23-12:00	1621.62	0	0	890.89	436.768	0	293.958
Oahu	2040-02-23-14:00	1604.24	0	0	888.007	436.768	286.19	-6.72176
Oahu	2040-02-23-16:00	1478.22	0	0	897.467	436.768	233.737	-89.7467
Oahu	2040-02-23-18:00	839.308	0	0	932.564	0	0	-93.2564
Oahu	2040-02-23-20:00	792.343	0	0	880.381	0	0	-88.0381
Oahu	2040-02-23-22:00	704.805	0	0	783.117	0	0	-78.3117
Oahu	2040-03-23-00:00	602.093	0	0	668.992	0	0	-66.8992
Oahu	2040-03-23-02:00	567.015	0	0	630.016	0	0	-63.0016
Oahu	2040-03-23-04:00	574.044	0	0	637.827	0	0	-63.7827
Oahu	2040-03-23-06:00	623.707	0	0	693.008	0	0	-69.3008
Oahu	2040-03-23-08:00	1416.03	0	0	804.209	561.192	131.054	-80.4209
Oahu	2040-03-23-10:00	1900.75	0	0	838.871	561.192	413.757	86.9278
Oahu	2040-03-23-12:00	1917	0	0	843.791	303.102	95.0719	675.033
Oahu	2040-03-23-14:00	1222.24	0	0	841.351	124.424	340.603	-84.1351
Oahu	2040-03-23-16:00	1388.72	0	0	850.777	561.192	61.8321	-85.0777
Oahu	2040-03-23-18:00	794.38	0	0	882.644	0	0	-88.2644
Oahu	2040-03-23-20:00	771.366	0	0	857.074	0	0	-85.7074
Oahu	2040-03-23-22:00	678.339	0	0	753.71	0	0	-75.371
Oahu	2040-04-23-00:00	588.274	0	0	653.637	0	0	-65.3637
Oahu	2040-04-23-02:00	561.36	0	0	623.733	0	0	-62.3733
Oahu	2040-04-23-04:00	597.768	0	0	664.187	0	0	-66.4187
Oahu	2040-04-23-06:00	737.135	0	0	819.039	0	0	-81.9039
Oahu	2040-04-23-08:00	1529.31	0	0	903.314	436.768	0	189.225
Oahu	2040-04-23-10:00	1623.15	0	0	943.209	436.768	0	243.172
Oahu	2040-04-23-12:00	1675.7	0	0	957.153	0	814.265	-95.7153
Oahu	2040-04-23-14:00	1496.66	0	0	960.09	404.526	228.052	-96.009
Oahu	2040-04-23-16:00	1462.23	0	0	952.396	210.92	0	298.916
Oahu	2040-04-23-18:00	857.899	0	0	953.221	0	0	-95.3221
Oahu	2040-04-23-20:00	823.41	0	0	914.9	0	0	-91.49
Oahu	2040-04-23-22:00	690.453	0	0	767.17	0	0	-76.717
Oahu	2040-05-23-00:00	626.976	0	0	696.64	0	0	-69.664
Oahu	2040-05-23-02:00	598.376	0	0	664.862	0	0	-66.4862
Oahu	2040-05-23-04:00	641.016	0	0	712.24	0	0	-71.224
Oahu	2040-05-23-06:00	778.524	0	0	865.027	0	0	-86.5027
Oahu	2040-05-23-08:00	1634.06	0	0	950.992	266.68	511.487	-95.0992
Oahu	2040-05-23-10:00	1544.45	0	0	985.606	436.768	0	122.08
Oahu	2040-05-23-12:00	1741.74	0	0	992.564	0	24.4056	724.766
Oahu	2040-05-23-14:00	1453.69	0	0	984.638	436.768	130.749	-98.4638
Oahu	2040-05-23-16:00	1234.39	0	0	954.127	0	375.676	-95.4127
Oahu	2040-05-23-18:00	843.411	0	0	937.123	0	0	-93.7123
Oahu	2040-05-23-20:00	815.878	0	0	906.531	0	0	-90.6531
Oahu	2040-05-23-22:00	716.655	0	0	796.283	0	0	-79.6283
Oahu	2040-06-23-00:00	616.2	0	0	684.666	0	0	-68.4666
Oahu	2040-06-23-02:00	587.36	0	0	652.622	0	0	-65.2622
Oahu	2040-06-23-04:00	625.247	0	0	694.719	0	0	-69.4719
Oahu	2040-06-23-06:00	751.058	0	0	834.509	0	0	-83.4509
Oahu	2040-06-23-08:00	1433.38	0	0	928.005	436.768	161.402	-92.8005
Oahu	2040-06-23-10:00	1682.63	0	0	975.942	436.768	0	269.919
Oahu	2040-06-23-12:00	1774.1	0	0	989.388	62.2324	821.416	-98.9388
Oahu	2040-06-23-14:00	1683.39	0	0	990.594	116.446	0	576.353
Oahu	2040-06-23-16:00	1373.05	0	0	974.204	436.768	59.4996	-97.4204
Oahu	2040-06-23-18:00	859.407	0	0	954.897	0	0	-95.4897
Oahu	2040-06-23-20:00	849.716	0	0	944.129	0	0	-94.4129
Oahu	2040-06-23-22:00	725.021	0	0	805.579	0	0	-80.5579
Oahu	2040-07-23-00:00	691.059	0	0	719.88	0	43.1672	-71.988
Oahu	2040-07-23-02:00	669.106	0	0	684.339	0	53.2006	-68.4339
Oahu	2040-07-23-04:00	649.131	0	0	721.256	0	0	-72.1256
Oahu	2040-07-23-06:00	775.229	0	0	857.892	0	3.12648	-85.7892
Oahu	2040-07-23-08:00	999.006	0	0	945.111	148.406	0	-94.5111
Oahu	2040-07-23-10:00	1565.14	0	0	993.838	256.423	0	314.878
Oahu	2040-07-23-12:00	1375.17	0	0	1003.73	16.77	455.046	-100.373
Oahu	2040-07-23-14:00	1406.4	0	0	1000.09	18.5342	487.777	-100.009
Oahu	2040-07-23-16:00	1559.4	0	0	990.765	16.77	0	551.865
Oahu	2040-07-23-18:00	872.613	0	0	969.57	0	0	-96.957
Oahu	2040-07-23-20:00	853.139	0	0	947.932	0	0	-94.7932
Oahu	2040-07-23-22:00	735.865	0	0	817.628	0	0	-81.7628
Oahu	2040-08-23-00:00	643.108	0	0	714.564	0	0	-71.4564
Oahu	2040-08-23-02:00	605.067	0	0	672.297	0	0	-67.2297
Oahu	2040-08-23-04:00	613.329	0	0	681.477	0	0	-68.1477
Oahu	2040-08-23-06:00	682.037	0	0	757.819	0	0	-75.7819
Oahu	2040-08-23-08:00	1712.72	0	0	886.126	436.768	0	389.825
Oahu	2040-08-23-10:00	1310.86	0	0	934.05	436.768	0	-59.956
Oahu	2040-08-23-12:00	1714.96	0	0	937.764	436.768	434.207	-93.7764
Oahu	2040-08-23-14:00	1494.73	0	0	934.139	12.9964	145.009	402.588
Oahu	2040-08-23-16:00	1464.79	0	0	928.891	165.682	463.102	-92.8891
Oahu	2040-08-23-18:00	827.133	0	0	919.036	0	0	-91.9036
Oahu	2040-08-23-20:00	809.91	0	0	899.9	0	0	-89.99
Oahu	2040-08-23-22:00	731.535	0	0	812.817	0	0	-81.2817
Oahu	2040-09-23-00:00	620.088	0	0	688.987	0	0	-68.8987
Oahu	2040-09-23-02:00	595.174	0	0	661.304	0	0	-66.1304
Oahu	2040-09-23-04:00	641.292	0	0	712.547	0	0	-71.2547
Oahu	2040-09-23-06:00	775.924	0	0	862.137	0	0	-86.2137
Oahu	2040-09-23-08:00	1721.81	0	0	942.289	561.192	0	218.328
Oahu	2040-09-23-10:00	1619.58	0	0	976.917	436.768	0	205.894
Oahu	2040-09-23-12:00	1830.15	0	0	993.041	561.192	0	275.915
Oahu	2040-09-23-14:00	1809.91	0	0	993.907	124.424	790.968	-99.3907
Oahu	2040-09-23-16:00	1754.43	0	0	978.395	561.192	251.349	-36.5039
Oahu	2040-09-23-18:00	907.556	0	0	1008.4	0	0	-100.84
Oahu	2040-09-23-20:00	832.708	0	0	925.231	0	0	-92.5231
Oahu	2040-09-23-22:00	705.443	0	0	783.826	0	0	-78.3826
Oahu	2040-10-23-00:00	616.979	0	0	685.532	0	0	-68.5532
Oahu	2040-10-23-02:00	590.758	0	0	656.398	0	0	-65.6398
Oahu	2040-10-23-04:00	626.142	0	0	695.714	0	0	-69.5714
Oahu	2040-10-23-06:00	758.596	0	0	842.885	0	0	-84.2885
Oahu	2040-10-23-08:00	1723.73	0	0	918.116	561.192	336.236	-91.8116
Oahu	2040-10-23-10:00	1818.18	0	0	954.386	561.192	59.6385	242.96
Oahu	2040-10-23-12:00	1688.58	0	0	968.112	124.424	0	596.049
Oahu	2040-10-23-14:00	1817.24	0	0	964.793	303.102	645.829	-96.4793
Oahu	2040-10-23-16:00	1293.83	0	0	951.612	436.768	0.613463	-95.1612
Oahu	2040-10-23-18:00	888.272	0	0	986.969	0	0	-98.6969
Oahu	2040-10-23-20:00	816.295	0	0	906.994	0	0	-90.6994
Oahu	2040-10-23-22:00	702.971	0	0	781.079	0	0	-78.1079
Oahu	2040-11-23-00:00	591.88	0	0	657.645	0	0	-65.7645
Oahu	2040-11-23-02:00	565.702	0	0	628.558	0	0	-62.8558
Oahu	2040-11-23-04:00	578.724	0	0	643.026	0	0	-64.3026
Oahu	2040-11-23-06:00	632.165	0	0	702.406	0	0	-70.2406
Oahu	2040-11-23-08:00	1259.33	0	0	812.681	283.565	0	163.085
Oahu	2040-11-23-10:00	1341.01	0	0	863.228	41.27	522.83	-86.3228
Oahu	2040-11-23-12:00	1527.4	0	0	858.798	41.27	11.9378	615.394
Oahu	2040-11-23-14:00	1305.18	0	0	850.395	41.27	498.557	-85.0395
Oahu	2040-11-23-16:00	1164.6	0	0	872.053	379.75	0	-87.2053
Oahu	2040-11-23-18:00	848.122	0	0	942.357	0	0	-94.2357
Oahu	2040-11-23-20:00	782.707	0	0	869.675	0	0	-86.9675
Oahu	2040-11-23-22:00	688.895	0	0	755.448	0	8.99218	-75.5448
Oahu	2040-12-23-00:00	594.794	0	0	660.882	0	0	-66.0882
Oahu	2040-12-23-02:00	565.955	0	0	622.711	0	5.51549	-62.2711
Oahu	2040-12-23-04:00	597.726	0	0	664.139	0	0	-66.4139
Oahu	2040-12-23-06:00	718.36	0	0	798.178	0	0	-79.8178
Oahu	2040-12-23-08:00	950.779	0	0	884.927	154.344	0	-88.4927
Oahu	2040-12-23-10:00	1414.75	0	0	924.482	436.768	0	53.502
Oahu	2040-12-23-12:00	1545.71	0	0	925.19	41.27	195.841	383.411
Oahu	2040-12-23-14:00	1757.94	0	0	919.65	89.2913	840.961	-91.965
Oahu	2040-12-23-16:00	1229.25	0	0	907.199	41.27	0	280.78
Oahu	2040-12-23-18:00	857.175	0	0	952.416	0	0	-95.2416
Oahu	2040-12-23-20:00	800.758	0	0	889.732	0	0	-88.9732
Oahu	2040-12-23-22:00	705.866	0	0	784.296	0	0	-78.4296
Oahu	2045-01-23-00:00	1124.55	0	0	661.515	0	0	463.038
Oahu	2045-01-23-02:00	567.701	0	0	630.779	0	0	-63.0779
Oahu	2045-01-23-04:00	612.939	0	0	681.043	0	0	-68.1043
Oahu	2045-01-23-06:00	768.882	0	0	854.313	0	0	-85.4313
Oahu	2045-01-23-08:00	1283.23	0	0	899.347	473.822	0	-89.9347
Oahu	2045-01-23-10:00	2221.25	0	0	923.275	1080.22	0	217.751
Oahu	2045-01-23-12:00	2318.5	0	0	929.78	0	1333.45	55.2684
Oahu	2045-01-23-14:00	1932.07	0	0	924.486	1080.22	0	-72.6305
Oahu	2045-01-23-16:00	1144.5	0	0	919.741	316.731	0	-91.9741
Oahu	2045-01-23-18:00	884.644	0	0	982.937	0	0	-98.2937
Oahu	2045-01-23-20:00	813.518	0	0	903.909	0	0	-90.3909
Oahu	2045-01-23-22:00	685.978	0	0	762.198	0	0	-76.2198
Oahu	2045-02-23-00:00	617.602	0	0	686.224	0	0	-68.6224
Oahu	2045-02-23-02:00	578.447	0	0	642.719	0	0	-64.2719
Oahu	2045-02-23-04:00	587.355	0	0	652.617	0	0	-65.2617
Oahu	2045-02-23-06:00	659.076	0	0	732.307	0	0	-73.2307
Oahu	2045-02-23-08:00	1491.38	0	0	858.798	718.457	0	-85.8798
Oahu	2045-02-23-10:00	2336.52	0	0	911.047	1068.66	447.918	-91.1047
Oahu	2045-02-23-12:00	2458.7	0	0	913.039	815.234	0	730.431
Oahu	2045-02-23-14:00	2184.8	0	0	910.061	1080.22	285.524	-91.0061
Oahu	2045-02-23-16:00	1594.79	0	0	919.833	0	600.011	74.9442
Oahu	2045-02-23-18:00	860.479	0	0	956.088	0	0	-95.6088
Oahu	2045-02-23-20:00	811.966	0	0	902.184	0	0	-90.2184
Oahu	2045-02-23-22:00	721.541	0	0	801.712	0	0	-80.1712
Oahu	2045-03-23-00:00	615.442	0	0	683.824	0	0	-68.3824
Oahu	2045-03-23-02:00	579.207	0	0	643.563	0	0	-64.3563
Oahu	2045-03-23-04:00	586.468	0	0	651.631	0	0	-65.1631
Oahu	2045-03-23-06:00	637.769	0	0	708.632	0	0	-70.8632
Oahu	2045-03-23-08:00	1554.29	0	0	823.5	813.142	0	-82.35
Oahu	2045-03-23-10:00	1370.82	0	0	859.305	0	423.171	88.3487
Oahu	2045-03-23-12:00	2466.18	0	0	864.387	0	910.281	691.51
Oahu	2045-03-23-14:00	1705.06	0	0	861.867	929.382	0	-86.1867
Oahu	2045-03-23-16:00	1601.73	0	0	871.603	817.285	0	-87.1603
Oahu	2045-03-23-18:00	814.069	0	0	904.521	0	0	-90.4521
Oahu	2045-03-23-20:00	790.297	0	0	878.108	0	0	-87.8108
Oahu	2045-03-23-22:00	694.202	0	0	771.335	0	0	-77.1335
Oahu	2045-04-23-00:00	601.167	0	0	667.963	0	0	-66.7963
Oahu	2045-04-23-02:00	573.365	0	0	637.073	0	0	-63.7073
Oahu	2045-04-23-04:00	610.975	0	0	678.861	0	0	-67.8861
Oahu	2045-04-23-06:00	754.937	0	0	838.819	0	0	-83.8819
Oahu	2045-04-23-08:00	1685.81	0	0	925.873	852.522	0	-92.5873
Oahu	2045-04-23-10:00	2348.32	0	0	967.084	1080.22	0	301.021
Oahu	2045-04-23-12:00	2579.93	0	0	981.487	669.605	1026.98	-98.1487
Oahu	2045-04-23-14:00	2272.76	0	0	984.521	1080.22	306.469	-98.4521
Oahu	2045-04-23-16:00	1517.06	0	0	976.573	0	0	540.489
Oahu	2045-04-23-18:00	879.683	0	0	977.425	0	0	-97.7425
Oahu	2045-04-23-20:00	844.056	0	0	937.84	0	0	-93.784
Oahu	2045-04-23-22:00	706.715	0	0	785.239	0	0	-78.5239
Oahu	2045-05-23-00:00	641.146	0	0	712.384	0	0	-71.2384
Oahu	2045-05-23-02:00	611.602	0	0	679.558	0	0	-67.9558
Oahu	2045-05-23-04:00	655.649	0	0	728.498	0	0	-72.8498
Oahu	2045-05-23-06:00	797.691	0	0	886.323	0	0	-88.6323
Oahu	2045-05-23-08:00	1980.2	0	0	975.123	1080.22	22.3701	-97.5123
Oahu	2045-05-23-10:00	2194.45	0	0	1010.88	412.23	0	771.341
Oahu	2045-05-23-12:00	2372.75	0	0	1018.07	1080.22	376.271	-101.807
Oahu	2045-05-23-14:00	2041.71	0	0	1009.88	0	934.811	97.0212
Oahu	2045-05-23-16:00	1454.72	0	0	978.361	574.192	0	-97.8361
Oahu	2045-05-23-18:00	864.717	0	0	960.797	0	0	-96.0797
Oahu	2045-05-23-20:00	836.276	0	0	929.196	0	0	-92.9196
Oahu	2045-05-23-22:00	733.782	0	0	815.313	0	0	-81.5313
Oahu	2045-06-23-00:00	630.014	0	0	700.015	0	0	-70.0015
Oahu	2045-06-23-02:00	600.223	0	0	666.914	0	0	-66.6914
Oahu	2045-06-23-04:00	639.359	0	0	710.399	0	0	-71.0399
Oahu	2045-06-23-06:00	769.319	0	0	854.799	0	0	-85.4799
Oahu	2045-06-23-08:00	1656.1	0	0	951.378	799.865	0	-95.1378
Oahu	2045-06-23-10:00	2569.2	0	0	1000.9	902.528	647.8	17.9748
Oahu	2045-06-23-12:00	2029.68	0	0	1014.79	1080.22	0	-65.3285
Oahu	2045-06-23-14:00	2514.51	0	0	1016.03	0	685.652	812.825
Oahu	2045-06-23-16:00	1577.34	0	0	999.101	678.145	0	-99.9101
Oahu	2045-06-23-18:00	881.241	0	0	979.157	0	0	-97.9157
Oahu	2045-06-23-20:00	871.231	0	0	968.034	0	0	-96.8034
Oahu	2045-06-23-22:00	742.424	0	0	824.915	0	0	-82.4915
Oahu	2045-07-23-00:00	662.751	0	0	736.39	0	0	-73.639
Oahu	2045-07-23-02:00	629.71	0	0	699.678	0	0	-69.9678
Oahu	2045-07-23-04:00	672.158	0	0	737.812	0	0	-65.6541
Oahu	2045-07-23-06:00	791.057	0	0	878.953	0	0	-87.8953
Oahu	2045-07-23-08:00	1394.19	0	0	969.048	522.046	0	-96.9048
Oahu	2045-07-23-10:00	2343.85	0	0	1019.38	0	508.966	815.506
Oahu	2045-07-23-12:00	2353.65	0	0	1029.6	1080.22	180.71	63.124
Oahu	2045-07-23-14:00	2047.85	0	0	1025.84	1080.22	44.3709	-102.584
Oahu	2045-07-23-16:00	1513.99	0	0	1016.21	0	599.405	-101.621
Oahu	2045-07-23-18:00	894.882	0	0	994.314	0	0	-99.4314
Oahu	2045-07-23-20:00	874.766	0	0	971.962	0	0	-97.1962
Oahu	2045-07-23-22:00	753.625	0	0	837.362	0	0	-83.7362
Oahu	2045-08-23-00:00	657.809	0	0	730.899	0	0	-73.0899
Oahu	2045-08-23-02:00	618.514	0	0	687.238	0	0	-68.7238
Oahu	2045-08-23-04:00	627.049	0	0	696.721	0	0	-69.6721
Oahu	2045-08-23-06:00	698.022	0	0	775.58	0	0	-77.558
Oahu	2045-08-23-08:00	2018.19	0	0	908.118	1080.22	0	29.8499
Oahu	2045-08-23-10:00	1959.16	0	0	957.622	0	711.06	290.478
Oahu	2045-08-23-12:00	2471.08	0	0	961.459	1080.22	0	429.402
Oahu	2045-08-23-14:00	2118.44	0	0	957.714	1080.22	176.277	-95.7714
Oahu	2045-08-23-16:00	1745.09	0	0	952.293	441.908	446.115	-95.2293
Oahu	2045-08-23-18:00	847.902	0	0	942.114	0	0	-94.2114
Oahu	2045-08-23-20:00	830.111	0	0	922.346	0	0	-92.2346
Oahu	2045-08-23-22:00	749.152	0	0	832.391	0	0	-83.2391
Oahu	2045-09-23-00:00	634.031	0	0	704.479	0	0	-70.4479
Oahu	2045-09-23-02:00	608.295	0	0	675.883	0	0	-67.5883
Oahu	2045-09-23-04:00	655.934	0	0	728.815	0	0	-72.8815
Oahu	2045-09-23-06:00	795.005	0	0	883.338	0	0	-88.3338
Oahu	2045-09-23-08:00	1940.91	0	0	966.133	1071.39	0	-96.6133
Oahu	2045-09-23-10:00	2233.95	0	0	1001.9	613.711	0	618.334
Oahu	2045-09-23-12:00	1904.57	0	0	1018.56	987.863	0	-101.856
Oahu	2045-09-23-14:00	2611.17	0	0	1019.45	0	1333.45	258.268
Oahu	2045-09-23-16:00	1873.97	0	0	1003.43	970.885	0	-100.343
Oahu	2045-09-23-18:00	930.977	0	0	1034.42	0	0	-103.442
Oahu	2045-09-23-20:00	853.661	0	0	948.513	0	0	-94.8513
Oahu	2045-09-23-22:00	722.2	0	0	802.444	0	0	-80.2444
Oahu	2045-10-23-00:00	630.819	0	0	700.909	0	0	-70.0909
Oahu	2045-10-23-02:00	603.733	0	0	670.814	0	0	-67.0814
Oahu	2045-10-23-04:00	640.284	0	0	711.427	0	0	-71.1427
Oahu	2045-10-23-06:00	777.106	0	0	863.451	0	0	-86.3451
Oahu	2045-10-23-08:00	1799.81	0	0	941.163	0	105.717	752.931
Oahu	2045-10-23-10:00	2200.88	0	0	978.629	1080.22	89.3309	52.6958
Oahu	2045-10-23-12:00	2698.04	0	0	992.807	1080.22	724.296	-99.2807
Oahu	2045-10-23-14:00	2384.77	0	0	989.379	1080.22	414.109	-98.9379
Oahu	2045-10-23-16:00	1231.75	0	0	975.764	353.564	0	-97.5764
Oahu	2045-10-23-18:00	970.043	0	0	1012.29	0	0	-42.2431
Oahu	2045-10-23-20:00	836.707	0	0	929.674	0	0	-92.9674
Oahu	2045-10-23-22:00	719.646	0	0	799.607	0	0	-79.9607
Oahu	2045-11-23-00:00	604.892	0	0	672.103	0	0	-67.2103
Oahu	2045-11-23-02:00	577.851	0	0	642.057	0	0	-64.2057
Oahu	2045-11-23-04:00	591.302	0	0	657.002	0	0	-65.7002
Oahu	2045-11-23-06:00	646.506	0	0	718.34	0	0	-71.834
Oahu	2045-11-23-08:00	1723.59	0	0	832.251	624.565	87.8262	178.947
Oahu	2045-11-23-10:00	2105.06	0	0	884.465	1080.22	0	140.378
Oahu	2045-11-23-12:00	2349.26	0	0	879.889	1080.22	0	389.15
Oahu	2045-11-23-14:00	1774.81	0	0	871.209	0	990.724	-87.1209
Oahu	2045-11-23-16:00	1059.12	0	0	893.581	0	254.902	-89.3581
Oahu	2045-11-23-18:00	869.583	0	0	966.204	0	0	-96.6204
Oahu	2045-11-23-20:00	802.012	0	0	891.124	0	0	-89.1124
Oahu	2045-11-23-22:00	695.818	0	0	773.131	0	0	-77.3131
Oahu	2045-12-23-00:00	607.902	0	0	675.447	0	0	-67.5447
Oahu	2045-12-23-02:00	572.415	0	0	636.017	0	0	-63.6017
Oahu	2045-12-23-04:00	610.93	0	0	678.812	0	0	-67.8812
Oahu	2045-12-23-06:00	735.543	0	0	817.27	0	0	-81.727
Oahu	2045-12-23-08:00	848.342	0	0	906.879	32.1508	0	-90.6879
Oahu	2045-12-23-10:00	1804.02	0	0	947.738	0	878.98	-22.6958
Oahu	2045-12-23-12:00	2005.33	0	0	948.471	632.655	0	424.203
Oahu	2045-12-23-14:00	2383.16	0	0	942.747	1080.22	454.473	-94.2747
Oahu	2045-12-23-16:00	1263.23	0	0	929.885	0	0	333.347
Oahu	2045-12-23-18:00	878.935	0	0	976.594	0	0	-97.6594
Oahu	2045-12-23-20:00	820.658	0	0	911.842	0	0	-91.1842
Oahu	2045-12-23-22:00	722.637	0	0	802.93	0	0	-80.293
