load_zone	timestamp	ZoneTotalCentralDispatch	ZoneTotalDistributedDispatch	UnservedLoad	zone_demand_mw	StorageNetCharge	ChargeEVs	ShiftDemand
Oahu	2020-01-23-00:00	589.274	0	0	532.599	0	0	56.6753
Oahu	2020-01-23-02:00	627.536	0	0	482.673	0	0	144.863
Oahu	2020-01-23-04:00	623.516	0	0	564.319	0	0	59.1968
Oahu	2020-01-23-06:00	772.571	0	0	845.771	0	11.3772	-84.5771
Oahu	2020-01-23-08:00	950.578	0	0	918.921	0	0	31.6571
Oahu	2020-01-23-10:00	1055.38	0	0	957.789	0	0	97.5923
Oahu	2020-01-23-12:00	1050.12	0	0	968.355	0	0	81.7663
Oahu	2020-01-23-14:00	977.203	0	0	959.756	0	106.725	-89.2778
Oahu	2020-01-23-16:00	921.87	0	0	952.049	0	0	-30.1782
Oahu	2020-01-23-18:00	949.231	0	0	1054.7	0	0	-105.47
Oahu	2020-01-23-20:00	833.698	0	0	926.331	0	0	-92.6331
Oahu	2020-01-23-22:00	626.529	0	0	696.143	0	0	-69.6143
Oahu	2020-02-23-00:00	739.34	0	0	572.736	0	17.7948	148.81
Oahu	2020-02-23-02:00	782.01	0	0	502.067	0	0	279.943
Oahu	2020-02-23-04:00	650.739	0	0	518.145	0	0	132.594
Oahu	2020-02-23-06:00	582.831	0	0	647.59	0	0	-64.759
Oahu	2020-02-23-08:00	868.057	0	0	853.055	0	100.307	-85.3055
Oahu	2020-02-23-10:00	911.51	0	0	937.926	0	0	-26.4163
Oahu	2020-02-23-12:00	967.482	0	0	941.162	0	0	26.3198
Oahu	2020-02-23-14:00	889.853	0	0	936.325	0	0	-46.472
Oahu	2020-02-23-16:00	856.978	0	0	952.197	0	0	-95.2197
Oahu	2020-02-23-18:00	909.979	0	0	1011.09	0	0	-101.109
Oahu	2020-02-23-20:00	831.177	0	0	923.53	0	0	-92.353
Oahu	2020-02-23-22:00	684.295	0	0	760.328	0	0	-76.0328
Oahu	2020-03-23-00:00	551.688	0	0	568.836	0	0	-17.1479
Oahu	2020-03-23-02:00	549.34	0	0	503.439	0	0	45.9006
Oahu	2020-03-23-04:00	464.889	0	0	516.544	0	0	-51.6544
Oahu	2020-03-23-06:00	619.181	0	0	609.133	0	0	10.0477
Oahu	2020-03-23-08:00	887.193	0	0	795.72	0	0	91.4736
Oahu	2020-03-23-10:00	982.889	0	0	853.878	0	0	129.011
Oahu	2020-03-23-12:00	930.497	0	0	862.135	0	54.7865	13.5759
Oahu	2020-03-23-14:00	976.493	0	0	858.041	0	0	118.452
Oahu	2020-03-23-16:00	849.785	0	0	873.856	0	63.3153	-87.3856
Oahu	2020-03-23-18:00	834.593	0	0	927.326	0	0	-92.7326
Oahu	2020-03-23-20:00	795.979	0	0	884.422	0	0	-88.4422
Oahu	2020-03-23-22:00	639.887	0	0	710.986	0	0	-71.0986
Oahu	2020-04-23-00:00	681.253	0	0	543.073	0	0	138.18
Oahu	2020-04-23-02:00	636.636	0	0	492.896	0	0	143.74
Oahu	2020-04-23-04:00	628.95	0	0	560.775	0	0	68.1752
Oahu	2020-04-23-06:00	738.791	0	0	820.602	0	0.249315	-82.0602
Oahu	2020-04-23-08:00	938.321	0	0	962.009	0	72.5135	-96.2009
Oahu	2020-04-23-10:00	1066.47	0	0	1028.95	0	0	37.522
Oahu	2020-04-23-12:00	1147.09	0	0	1052.35	0	0	94.7438
Oahu	2020-04-23-14:00	1112.46	0	0	1057.27	0	0	55.1863
Oahu	2020-04-23-16:00	1006.49	0	0	1044.36	0	45.339	-83.2095
Oahu	2020-04-23-18:00	941.173	0	0	1045.75	0	0	-104.575
Oahu	2020-04-23-20:00	883.303	0	0	981.448	0	0	-98.1448
Oahu	2020-04-23-22:00	660.213	0	0	733.57	0	0	-73.357
Oahu	2020-05-23-00:00	740.086	0	0	615.228	0	0	124.857
Oahu	2020-05-23-02:00	728.908	0	0	561.907	0	0	167.001
Oahu	2020-05-23-04:00	729.518	0	0	641.403	0	0	88.1151
Oahu	2020-05-23-06:00	807.99	0	0	897.766	0	0	-89.7766
Oahu	2020-05-23-08:00	1057.8	0	0	1042.01	0	0	15.7948
Oahu	2020-05-23-10:00	1108.18	0	0	1100.09	0	118.102	-110.009
Oahu	2020-05-23-12:00	1137.97	0	0	1111.76	0	0	26.2075
Oahu	2020-05-23-14:00	1081	0	0	1098.46	0	0	-17.462
Oahu	2020-05-23-16:00	999.769	0	0	1047.27	0	0	-47.4993
Oahu	2020-05-23-18:00	916.864	0	0	1018.74	0	0	-101.874
Oahu	2020-05-23-20:00	870.665	0	0	967.406	0	0	-96.7406
Oahu	2020-05-23-22:00	823.806	0	0	782.421	0	0	41.3853
Oahu	2020-06-23-00:00	614.527	0	0	595.137	0	78.904	-59.5137
Oahu	2020-06-23-02:00	641.007	0	0	541.369	0	0	99.6383
Oahu	2020-06-23-04:00	761.271	0	0	612.004	0	0	149.267
Oahu	2020-06-23-06:00	801.102	0	0	846.56	0	39.1979	-84.656
Oahu	2020-06-23-08:00	1031.21	0	0	1003.44	0	0	27.7689
Oahu	2020-06-23-10:00	1097.29	0	0	1083.87	0	0	13.4172
Oahu	2020-06-23-12:00	1191.3	0	0	1106.43	0	0	84.8621
Oahu	2020-06-23-14:00	1131.56	0	0	1108.46	0	0	23.0995
Oahu	2020-06-23-16:00	1114.78	0	0	1080.96	0	0	33.8241
Oahu	2020-06-23-18:00	943.705	0	0	1048.56	0	0	-104.856
Oahu	2020-06-23-20:00	927.444	0	0	1030.49	0	0	-103.049
Oahu	2020-06-23-22:00	718.216	0	0	798.018	0	0	-79.8018
Oahu	2020-07-23-00:00	839.853	0	0	654.222	0	0	185.631
Oahu	2020-07-23-02:00	680.179	0	0	594.588	0	0	85.5907
Oahu	2020-07-23-04:00	663.289	0	0	656.532	0	0	6.75679
Oahu	2020-07-23-06:00	849.637	0	0	885.794	0	0	-36.1563
Oahu	2020-07-23-08:00	1039.05	0	0	1032.14	0	0	6.90793
Oahu	2020-07-23-10:00	1193.9	0	0	1113.9	0	0	80.0016
Oahu	2020-07-23-12:00	1248.73	0	0	1130.49	0	71.8543	46.3867
Oahu	2020-07-23-14:00	1130.09	0	0	1124.4	0	0	5.69107
Oahu	2020-07-23-16:00	1020.76	0	0	1108.74	0	0	-87.9806
Oahu	2020-07-23-18:00	965.862	0	0	1073.18	0	0	-107.318
Oahu	2020-07-23-20:00	933.187	0	0	1036.87	0	0	-103.687
Oahu	2020-07-23-22:00	782.659	0	0	818.235	0	46.2475	-81.8235
Oahu	2020-08-23-00:00	697.721	0	0	645.303	0	0	52.4185
Oahu	2020-08-23-02:00	557.843	0	0	574.382	0	0	-16.5392
Oahu	2020-08-23-04:00	573.566	0	0	589.785	0	0	-16.2194
Oahu	2020-08-23-06:00	683.678	0	0	717.881	0	0	-34.2031
Oahu	2020-08-23-08:00	988.852	0	0	933.169	0	21.1575	34.5247
Oahu	2020-08-23-10:00	1065.18	0	0	1013.58	0	0	51.5979
Oahu	2020-08-23-12:00	1105.92	0	0	1019.81	0	0	86.1085
Oahu	2020-08-23-14:00	1059.25	0	0	1013.73	0	0	45.5223
Oahu	2020-08-23-16:00	1077.2	0	0	1004.92	0	0	72.2728
Oahu	2020-08-23-18:00	932.857	0	0	988.389	0	43.3064	-98.8389
Oahu	2020-08-23-20:00	876.642	0	0	956.28	0	15.9904	-95.628
Oahu	2020-08-23-22:00	766.793	0	0	810.162	0	37.6475	-81.0162
Oahu	2020-09-23-00:00	557.941	0	0	602.387	0	0	-44.4462
Oahu	2020-09-23-02:00	717.892	0	0	555.937	0	0	161.955
Oahu	2020-09-23-04:00	788.886	0	0	641.918	0	0	146.969
Oahu	2020-09-23-06:00	803.626	0	0	892.918	0	0	-89.2918
Oahu	2020-09-23-08:00	1044.3	0	0	1027.41	0	0	16.8918
Oahu	2020-09-23-10:00	1128.89	0	0	1085.51	0	107.97	-64.5914
Oahu	2020-09-23-12:00	1189.84	0	0	1112.56	0	0	77.2744
Oahu	2020-09-23-14:00	1160.08	0	0	1114.02	0	0	46.0624
Oahu	2020-09-23-16:00	1127.03	0	0	1087.99	0	0	39.0403
Oahu	2020-09-23-18:00	1024.49	0	0	1138.33	0	0	-113.833
Oahu	2020-09-23-20:00	898.905	0	0	998.784	0	0	-99.8784
Oahu	2020-09-23-22:00	695.498	0	0	761.517	0	10.1323	-76.1517
Oahu	2020-10-23-00:00	721.786	0	0	596.589	0	0	125.197
Oahu	2020-10-23-02:00	659.61	0	0	547.704	0	0	111.906
Oahu	2020-10-23-04:00	656.794	0	0	613.673	0	75.9975	-32.8769
Oahu	2020-10-23-06:00	774.552	0	0	860.614	0	0	-86.0614
Oahu	2020-10-23-08:00	1101.44	0	0	986.846	0	0	114.595
Oahu	2020-10-23-10:00	1075.1	0	0	1047.7	0	0	27.4002
Oahu	2020-10-23-12:00	1100.93	0	0	1070.73	0	0	30.1952
Oahu	2020-10-23-14:00	1160.46	0	0	1065.16	0	0	95.2928
Oahu	2020-10-23-16:00	940.148	0	0	1043.05	0	0	-102.901
Oahu	2020-10-23-18:00	992.137	0	0	1102.37	0	0	-110.237
Oahu	2020-10-23-20:00	871.365	0	0	968.183	0	0	-96.8183
Oahu	2020-10-23-22:00	723.322	0	0	756.909	0	42.1043	-75.6909
Oahu	2020-11-23-00:00	494.817	0	0	549.797	0	0	-54.9797
Oahu	2020-11-23-02:00	513.244	0	0	500.992	0	0	12.2522
Oahu	2020-11-23-04:00	480.589	0	0	525.269	0	0	-44.6799
Oahu	2020-11-23-06:00	632.272	0	0	624.903	0	69.8596	-62.4903
Oahu	2020-11-23-08:00	871.398	0	0	809.933	0	0	61.4647
Oahu	2020-11-23-10:00	960.072	0	0	894.747	0	0	65.325
Oahu	2020-11-23-12:00	1057.78	0	0	887.315	0	0	170.466
Oahu	2020-11-23-14:00	982.528	0	0	873.215	0	0	109.313
Oahu	2020-11-23-16:00	890.093	0	0	909.556	0	48.2422	-67.705
Oahu	2020-11-23-18:00	924.768	0	0	1027.52	0	0	-102.752
Oahu	2020-11-23-20:00	846.664	0	0	905.565	0	0	-58.9008
Oahu	2020-11-23-22:00	686.589	0	0	713.902	0	0	-27.3129
Oahu	2020-12-23-00:00	716.382	0	0	555.229	0	0	161.153
Oahu	2020-12-23-02:00	694.042	0	0	491.181	0	0	202.861
Oahu	2020-12-23-04:00	557.595	0	0	560.695	0	0	-3.09905
Oahu	2020-12-23-06:00	707.04	0	0	785.6	0	0	-78.56
Oahu	2020-12-23-08:00	838.041	0	0	931.157	0	0	-93.1157
Oahu	2020-12-23-10:00	993.842	0	0	997.526	0	0	-3.684
Oahu	2020-12-23-12:00	1084.96	0	0	998.715	0	118.102	-31.8531
Oahu	2020-12-23-14:00	1069.96	0	0	989.418	0	0	80.543
Oahu	2020-12-23-16:00	947.433	0	0	968.527	0	0	-21.094
Oahu	2020-12-23-18:00	939.958	0	0	1044.4	0	0	-104.44
Oahu	2020-12-23-20:00	845.297	0	0	939.218	0	0	-93.9218
Oahu	2020-12-23-22:00	747.517	0	0	762.306	0	0	-14.7896
Oahu	2025-01-23-00:00	559.774	0	0	539.48	0	0	20.2936
Oahu	2025-01-23-02:00	573.536	0	0	495.335	36.2642	0	41.9366
Oahu	2025-01-23-04:00	548.468	0	0	567.529	1.6284	0	-20.6892
Oahu	2025-01-23-06:00	734.755	0	0	816.394	0	0	-81.6394
Oahu	2025-01-23-08:00	922.911	0	0	881.075	0	0	41.8365
Oahu	2025-01-23-10:00	1145.18	0	0	915.443	36.2642	0	193.474
Oahu	2025-01-23-12:00	1122.33	0	0	924.785	0	284.268	-86.7257
Oahu	2025-01-23-14:00	1080.35	0	0	917.182	9.89024	0	153.28
Oahu	2025-01-23-16:00	942.15	0	0	910.367	36.2642	0	-4.4812
Oahu	2025-01-23-18:00	901.021	0	0	1001.13	0	0	-100.113
Oahu	2025-01-23-20:00	798.864	0	0	887.627	0	0	-88.7627
Oahu	2025-01-23-22:00	615.681	0	0	684.09	0	0	-68.409
Oahu	2025-02-23-00:00	649.34	0	0	574.97	36.2642	0	38.1054
Oahu	2025-02-23-02:00	669.495	0	0	512.484	4.94512	0	152.067
Oahu	2025-02-23-04:00	527.138	0	0	526.7	0	30.4922	-30.0541
Oahu	2025-02-23-06:00	577.042	0	0	641.158	0	0	-64.1158
Oahu	2025-02-23-08:00	893.334	0	0	822.835	0	0	70.4993
Oahu	2025-02-23-10:00	943.172	0	0	897.88	36.2642	0	9.02803
Oahu	2025-02-23-12:00	1049.95	0	0	900.741	0	0	149.205
Oahu	2025-02-23-14:00	1096.86	0	0	896.464	36.2642	253.776	-89.6464
Oahu	2025-02-23-16:00	944.157	0	0	910.498	9.89024	0	23.7681
Oahu	2025-02-23-18:00	866.314	0	0	962.571	0	0	-96.2571
Oahu	2025-02-23-20:00	796.635	0	0	885.15	0	0	-88.515
Oahu	2025-02-23-22:00	666.759	0	0	740.844	0	0	-74.0844
Oahu	2025-03-23-00:00	551.688	0	0	571.522	0	0	-19.8341
Oahu	2025-03-23-02:00	540.396	0	0	513.697	27.0807	0	-0.382034
Oahu	2025-03-23-04:00	472.756	0	0	525.284	0	0	-52.5284
Oahu	2025-03-23-06:00	576.233	0	0	607.154	29.7942	0	-60.7154
Oahu	2025-03-23-08:00	800.722	0	0	772.137	0	0	28.5841
Oahu	2025-03-23-10:00	1169.88	0	0	823.563	0	0	346.318
Oahu	2025-03-23-12:00	976.071	0	0	830.863	0	0	145.208
Oahu	2025-03-23-14:00	889.063	0	0	827.243	36.2642	108.28	-82.7243
Oahu	2025-03-23-16:00	973.278	0	0	841.227	16.3603	175.988	-60.2968
Oahu	2025-03-23-18:00	799.656	0	0	888.507	0	0	-88.8507
Oahu	2025-03-23-20:00	765.513	0	0	850.57	0	0	-85.057
Oahu	2025-03-23-22:00	627.493	0	0	697.214	0	0	-69.7214
Oahu	2025-04-23-00:00	554.953	0	0	548.742	10.9735	0	-4.76284
Oahu	2025-04-23-02:00	510.336	0	0	504.374	36.2642	20.135	-50.4374
Oahu	2025-04-23-04:00	507.955	0	0	564.394	0	0	-56.4394
Oahu	2025-04-23-06:00	714.725	0	0	794.139	0	0	-79.4139
Oahu	2025-04-23-08:00	1010.69	0	0	919.174	0	0	91.5183
Oahu	2025-04-23-10:00	1183.73	0	0	978.364	0	0	205.368
Oahu	2025-04-23-12:00	1261.19	0	0	999.052	36.2642	264.133	-38.2612
Oahu	2025-04-23-14:00	1197.57	0	0	1003.41	36.2642	0	157.893
Oahu	2025-04-23-16:00	1041.1	0	0	991.994	9.89024	0	39.2112
Oahu	2025-04-23-18:00	893.896	0	0	993.218	0	0	-99.3218
Oahu	2025-04-23-20:00	842.726	0	0	936.363	0	0	-93.6363
Oahu	2025-04-23-22:00	645.465	0	0	717.183	0	0	-71.7183
Oahu	2025-05-23-00:00	643.386	0	0	612.543	10.0715	0	20.771
Oahu	2025-05-23-02:00	618.135	0	0	565.395	0	0	52.7398
Oahu	2025-05-23-04:00	612.918	0	0	635.688	0	40.7995	-63.5688
Oahu	2025-05-23-06:00	776.132	0	0	862.369	0	0	-86.2369
Oahu	2025-05-23-08:00	1166.65	0	0	989.911	0	0	176.737
Oahu	2025-05-23-10:00	1197.93	0	0	1041.27	36.2642	224.526	-104.127
Oahu	2025-05-23-12:00	1254.62	0	0	1051.59	0	0	203.03
Oahu	2025-05-23-14:00	1123.95	0	0	1039.83	36.2642	18.9428	28.9134
Oahu	2025-05-23-16:00	988.904	0	0	994.562	0	0	-5.65814
Oahu	2025-05-23-18:00	872.401	0	0	969.335	0	0	-96.9335
Oahu	2025-05-23-20:00	831.552	0	0	923.946	0	0	-92.3946
Oahu	2025-05-23-22:00	727.106	0	0	760.378	0	0	-33.2722
Oahu	2025-06-23-00:00	535.3	0	0	594.778	0	0	-59.4778
Oahu	2025-06-23-02:00	492.512	0	0	547.235	0	0	-54.7235
Oahu	2025-06-23-04:00	629.286	0	0	609.692	0	2.08649	17.5071
Oahu	2025-06-23-06:00	735.382	0	0	817.092	0	0	-81.7092
Oahu	2025-06-23-08:00	1074.49	0	0	955.806	0	0	118.679
Oahu	2025-06-23-10:00	1216.31	0	0	1026.93	9.89024	282.182	-102.693
Oahu	2025-06-23-12:00	1302.8	0	0	1046.88	36.2642	0	219.663
Oahu	2025-06-23-14:00	1255.39	0	0	1048.67	0	0	206.718
Oahu	2025-06-23-16:00	1071.61	0	0	1024.35	36.2642	0	10.9968
Oahu	2025-06-23-18:00	896.134	0	0	995.705	0	0	-99.5705
Oahu	2025-06-23-20:00	881.756	0	0	979.729	0	0	-97.9729
Oahu	2025-06-23-22:00	696.753	0	0	774.17	0	0	-77.417
Oahu	2025-07-23-00:00	717.168	0	0	647.022	36.2642	0	33.8815
Oahu	2025-07-23-02:00	674.479	0	0	594.293	8.42847	0	71.7576
Oahu	2025-07-23-04:00	584.158	0	0	649.065	0	0	-64.9065
Oahu	2025-07-23-06:00	861.573	0	0	851.783	0	0	9.78985
Oahu	2025-07-23-08:00	1002.81	0	0	981.185	36.2642	0	-14.6399
Oahu	2025-07-23-10:00	1241.41	0	0	1053.48	36.2642	0	151.665
Oahu	2025-07-23-12:00	1256.5	0	0	1068.15	0	83.8098	104.537
Oahu	2025-07-23-14:00	1155.06	0	0	1062.76	0	0	92.2967
Oahu	2025-07-23-16:00	1144.49	0	0	1048.92	0	200.459	-104.892
Oahu	2025-07-23-18:00	915.727	0	0	1017.47	0	0	-101.747
Oahu	2025-07-23-20:00	886.834	0	0	985.371	0	0	-98.5371
Oahu	2025-07-23-22:00	712.842	0	0	792.046	0	0	-79.2046
Oahu	2025-08-23-00:00	575.222	0	0	639.136	0	0	-63.9136
Oahu	2025-08-23-02:00	524.242	0	0	576.426	0	5.45839	-57.6426
Oahu	2025-08-23-04:00	550.6	0	0	590.046	0	19.5585	-59.0046
Oahu	2025-08-23-06:00	632.98	0	0	703.311	0	0	-70.3311
Oahu	2025-08-23-08:00	1071.54	0	0	893.673	14.3581	0	163.513
Oahu	2025-08-23-10:00	1138.63	0	0	964.775	0	0	173.859
Oahu	2025-08-23-12:00	1202.8	0	0	970.285	0	0	232.513
Oahu	2025-08-23-14:00	1127.67	0	0	964.906	0	259.252	-96.4906
Oahu	2025-08-23-16:00	998.77	0	0	957.121	0	0	41.6495
Oahu	2025-08-23-18:00	848.25	0	0	942.5	0	0	-94.25
Oahu	2025-08-23-20:00	822.697	0	0	914.108	0	0	-91.4108
Oahu	2025-08-23-22:00	706.417	0	0	784.908	0	0	-78.4908
Oahu	2025-09-23-00:00	541.07	0	0	601.189	0	0	-60.1189
Oahu	2025-09-23-02:00	551.987	0	0	560.117	0	0	-8.12957
Oahu	2025-09-23-04:00	635.601	0	0	636.143	10.9548	52.1182	-63.6143
Oahu	2025-09-23-06:00	772.274	0	0	858.082	0	0	-85.8082
Oahu	2025-09-23-08:00	1121.72	0	0	976.999	0	0	144.721
Oahu	2025-09-23-10:00	1155.86	0	0	1028.37	0	0	127.482
Oahu	2025-09-23-12:00	1287.54	0	0	1052.3	36.2642	0	198.979
Oahu	2025-09-23-14:00	1215.66	0	0	1053.58	0	232.15	-70.0699
Oahu	2025-09-23-16:00	1160.26	0	0	1030.57	36.2642	0	93.4251
Oahu	2025-09-23-18:00	967.57	0	0	1075.08	0	0	-107.508
Oahu	2025-09-23-20:00	856.522	0	0	951.691	0	0	-95.1691
Oahu	2025-09-23-22:00	667.706	0	0	741.895	0	0	-74.1895
Oahu	2025-10-23-00:00	536.456	0	0	596.062	0	0	-59.6062
Oahu	2025-10-23-02:00	506.325	0	0	552.837	8.77212	0	-55.2837
Oahu	2025-10-23-04:00	550.051	0	0	611.168	0	0	-61.1168
Oahu	2025-10-23-06:00	746.566	0	0	829.518	0	0	-82.9518
Oahu	2025-10-23-08:00	1131.36	0	0	941.135	0	0	190.228
Oahu	2025-10-23-10:00	1262.33	0	0	994.946	9.89024	0	257.489
Oahu	2025-10-23-12:00	1269.96	0	0	1015.31	0	0	254.647
Oahu	2025-10-23-14:00	1210.63	0	0	1010.39	36.2642	237.722	-73.7471
Oahu	2025-10-23-16:00	974.559	0	0	990.831	36.2642	46.5464	-99.0831
Oahu	2025-10-23-18:00	938.959	0	0	1043.29	0	0	-104.329
Oahu	2025-10-23-20:00	832.17	0	0	924.634	0	0	-92.4634
Oahu	2025-10-23-22:00	677.272	0	0	737.82	13.2334	0	-73.782
Oahu	2025-11-23-00:00	499.219	0	0	554.687	0	0	-55.4687
Oahu	2025-11-23-02:00	496.644	0	0	511.533	36.2642	0	-51.1533
Oahu	2025-11-23-04:00	479.699	0	0	532.999	0	0	-53.2999
Oahu	2025-11-23-06:00	558.988	0	0	621.097	0	0	-62.1097
Oahu	2025-11-23-08:00	912.973	0	0	784.706	0	0	128.268
Oahu	2025-11-23-10:00	1079.28	0	0	859.7	0	283.071	-63.4887
Oahu	2025-11-23-12:00	1143	0	0	853.128	36.2642	0	253.61
Oahu	2025-11-23-14:00	1096.09	0	0	840.661	9.89024	0	245.538
Oahu	2025-11-23-16:00	822.976	0	0	872.794	36.2642	1.19754	-87.2794
Oahu	2025-11-23-18:00	879.39	0	0	977.1	0	0	-97.71
Oahu	2025-11-23-20:00	782.339	0	0	869.265	0	0	-86.9265
Oahu	2025-11-23-22:00	666.077	0	0	699.792	36.2642	0	-69.9792
Oahu	2025-12-23-00:00	599.397	0	0	559.49	0	0	39.9064
Oahu	2025-12-23-02:00	577.057	0	0	502.858	0	0	74.199
Oahu	2025-12-23-04:00	557.595	0	0	564.323	0	0	-6.72785
Oahu	2025-12-23-06:00	697.655	0	0	763.189	0	10.7846	-76.3189
Oahu	2025-12-23-08:00	891.378	0	0	891.894	36.2642	52.4093	-89.1894
Oahu	2025-12-23-10:00	1003.25	0	0	950.579	0	0	52.6729
Oahu	2025-12-23-12:00	1125.37	0	0	951.63	36.2642	0	137.478
Oahu	2025-12-23-14:00	1240.47	0	0	943.41	2.0015	213.149	81.9112
Oahu	2025-12-23-16:00	974.369	0	0	924.937	0	0	49.4324
Oahu	2025-12-23-18:00	892.822	0	0	992.024	0	0	-99.2024
Oahu	2025-12-23-20:00	817.046	0	0	899.022	0	7.92558	-89.9022
Oahu	2025-12-23-22:00	668.333	0	0	742.593	0	0	-74.2593
Oahu	2030-01-23-00:00	559.774	0	0	608.605	12.0293	0	-60.8605
Oahu	2030-01-23-02:00	573.536	0	0	579.781	40.6162	11.1171	-57.9781
Oahu	2030-01-23-04:00	569.516	0	0	626.919	0	5.289	-62.6919
Oahu	2030-01-23-06:00	710.473	0	0	789.415	0	0	-78.9415
Oahu	2030-01-23-08:00	960.616	0	0	831.648	0	0	128.968
Oahu	2030-01-23-10:00	1192.62	0	0	854.088	0	423.936	-85.4088
Oahu	2030-01-23-12:00	1181.78	0	0	860.188	40.1822	0	281.408
Oahu	2030-01-23-14:00	1121.67	0	0	855.224	34.1252	0	232.321
Oahu	2030-01-23-16:00	943.507	0	0	850.774	76.8804	67.7705	-51.9177
Oahu	2030-01-23-18:00	819.036	0	0	910.04	0	0	-91.004
Oahu	2030-01-23-20:00	752.333	0	0	835.926	0	0	-83.5926
Oahu	2030-01-23-22:00	632.724	0	0	703.027	0	0	-70.3027
Oahu	2030-02-23-00:00	645.481	0	0	631.778	76.8804	0	-63.1778
Oahu	2030-02-23-02:00	658.409	0	0	590.978	41.8028	84.7266	-59.0978
Oahu	2030-02-23-04:00	540.234	0	0	600.26	0	0	-60.026
Oahu	2030-02-23-06:00	607.496	0	0	674.995	0	0	-67.4995
Oahu	2030-02-23-08:00	808.597	0	0	793.62	0	50.0845	-35.1072
Oahu	2030-02-23-10:00	1104.04	0	0	842.62	40.6162	0	220.799
Oahu	2030-02-23-12:00	1210.22	0	0	844.489	76.8804	373.301	-84.4489
Oahu	2030-02-23-14:00	1141.02	0	0	841.696	16.6157	0	282.704
Oahu	2030-02-23-16:00	1018.09	0	0	850.86	55.4516	0	111.78
Oahu	2030-02-23-18:00	796.374	0	0	884.86	0	0	-88.486
Oahu	2030-02-23-20:00	750.878	0	0	834.308	0	0	-83.4308
Oahu	2030-02-23-22:00	666.076	0	0	740.084	0	0	-74.0084
Oahu	2030-03-23-00:00	566.574	0	0	629.527	0	0	-62.9527
Oahu	2030-03-23-02:00	540.396	0	0	591.77	7.80261	0	-59.177
Oahu	2030-03-23-04:00	539.402	0	0	599.336	0	0	-59.9336
Oahu	2030-03-23-06:00	587.513	0	0	652.792	0	0	-65.2792
Oahu	2030-03-23-08:00	1010.59	0	0	760.518	0	326.123	-76.0518
Oahu	2030-03-23-10:00	925.064	0	0	794.096	76.8804	33.4118	20.6761
Oahu	2030-03-23-12:00	1232.67	0	0	798.862	26.506	0	407.303
Oahu	2030-03-23-14:00	906.042	0	0	796.499	40.6162	148.577	-79.6499
Oahu	2030-03-23-16:00	1093.56	0	0	805.629	76.8804	0	211.047
Oahu	2030-03-23-18:00	752.85	0	0	836.5	0	0	-83.65
Oahu	2030-03-23-20:00	730.557	0	0	811.729	0	0	-81.1729
Oahu	2030-03-23-22:00	640.437	0	0	711.597	0	0	-71.1597
Oahu	2030-04-23-00:00	554.953	0	0	614.653	1.76539	0	-61.4653
Oahu	2030-04-23-02:00	527.115	0	0	585.683	0	0	-58.5683
Oahu	2030-04-23-04:00	562.385	0	0	624.872	0	0	-62.4872
Oahu	2030-04-23-06:00	697.395	0	0	774.884	0	0	-77.4884
Oahu	2030-04-23-08:00	1018.85	0	0	856.524	62.7469	0	99.5822
Oahu	2030-04-23-10:00	1193.38	0	0	895.172	30.7492	356.973	-89.5172
Oahu	2030-04-23-12:00	1272.09	0	0	908.68	50.5065	0	312.906
Oahu	2030-04-23-14:00	1224.96	0	0	911.526	36.2642	0	277.171
Oahu	2030-04-23-16:00	1005.42	0	0	904.072	40.6162	151.139	-90.4072
Oahu	2030-04-23-18:00	814.384	0	0	904.871	0	0	-90.4871
Oahu	2030-04-23-20:00	780.973	0	0	867.748	0	0	-86.7748
Oahu	2030-04-23-22:00	652.172	0	0	724.636	0	0	-72.4636
Oahu	2030-05-23-00:00	616.686	0	0	656.311	0	26.0056	-65.6311
Oahu	2030-05-23-02:00	578.962	0	0	625.526	15.989	0	-62.5526
Oahu	2030-05-23-04:00	604.281	0	0	671.423	0	0	-67.1423
Oahu	2030-05-23-06:00	737.491	0	0	819.434	0	0	-81.9434
Oahu	2030-05-23-08:00	1181.57	0	0	902.712	36.2642	0	242.597
Oahu	2030-05-23-10:00	1185.44	0	0	936.244	0	342.82	-93.6244
Oahu	2030-05-23-12:00	1245.51	0	0	942.984	23.1218	0	279.404
Oahu	2030-05-23-14:00	1110	0	0	935.306	0	139.287	35.41
Oahu	2030-05-23-16:00	969.407	0	0	905.749	0	0	63.6581
Oahu	2030-05-23-18:00	800.349	0	0	889.277	0	0	-88.9277
Oahu	2030-05-23-20:00	773.676	0	0	859.64	0	0	-85.964
Oahu	2030-05-23-22:00	677.556	0	0	752.839	0	0	-75.2839
Oahu	2030-06-23-00:00	580.24	0	0	644.712	0	0	-64.4712
Oahu	2030-06-23-02:00	552.302	0	0	613.669	0	0	-61.3669
Oahu	2030-06-23-04:00	598.319	0	0	654.45	9.31441	0	-65.445
Oahu	2030-06-23-06:00	710.883	0	0	789.87	0	0	-78.987
Oahu	2030-06-23-08:00	1065.89	0	0	880.443	26.506	0	158.936
Oahu	2030-06-23-10:00	1213.19	0	0	926.882	40.6162	0	245.694
Oahu	2030-06-23-12:00	1295.1	0	0	939.908	76.8804	0	278.311
Oahu	2030-06-23-14:00	1248.52	0	0	941.076	0	401.55	-94.1076
Oahu	2030-06-23-16:00	1046.52	0	0	925.198	76.8804	106.563	-62.1226
Oahu	2030-06-23-18:00	815.845	0	0	906.495	0	0	-90.6495
Oahu	2030-06-23-20:00	806.457	0	0	896.064	0	0	-89.6064
Oahu	2030-06-23-22:00	685.66	0	0	761.845	0	0	-76.1845
Oahu	2030-07-23-00:00	707.868	0	0	678.824	50.3661	0	-21.3223
Oahu	2030-07-23-02:00	665.179	0	0	644.395	36.2642	48.9595	-64.4395
Oahu	2030-07-23-04:00	612.142	0	0	680.158	0	0	-68.0158
Oahu	2030-07-23-06:00	743.818	0	0	812.522	12.5483	0	-81.2522
Oahu	2030-07-23-08:00	990.356	0	0	897.014	36.2642	0	57.077
Oahu	2030-07-23-10:00	1259.44	0	0	944.219	0	304.704	10.518
Oahu	2030-07-23-12:00	1270.1	0	0	953.798	0	154.449	161.852
Oahu	2030-07-23-14:00	1171.44	0	0	950.28	40.6162	0	180.548
Oahu	2030-07-23-16:00	1061.94	0	0	941.241	36.2642	0	84.4326
Oahu	2030-07-23-18:00	828.638	0	0	920.709	0	0	-92.0709
Oahu	2030-07-23-20:00	809.773	0	0	899.748	0	0	-89.9748
Oahu	2030-07-23-22:00	696.165	0	0	773.517	0	0	-77.3517
Oahu	2030-08-23-00:00	606.307	0	0	673.675	0	0	-67.3675
Oahu	2030-08-23-02:00	569.456	0	0	632.729	0	0	-63.2729
Oahu	2030-08-23-04:00	577.46	0	0	641.622	0	0	-64.1622
Oahu	2030-08-23-06:00	660.163	0	0	715.578	0	16.1433	-71.5578
Oahu	2030-08-23-08:00	1114.49	0	0	839.874	40.6162	0.0822745	233.92
Oahu	2030-08-23-10:00	1026.5	0	0	886.299	0	0	140.197
Oahu	2030-08-23-12:00	1248.91	0	0	889.897	40.6162	0	318.395
Oahu	2030-08-23-14:00	1167.27	0	0	886.385	36.2642	333.254	-88.6385
Oahu	2030-08-23-16:00	1015.06	0	0	881.302	63.2519	158.633	-88.1302
Oahu	2030-08-23-18:00	784.58	0	0	871.755	0	0	-87.1755
Oahu	2030-08-23-20:00	767.895	0	0	853.217	0	0	-85.3217
Oahu	2030-08-23-22:00	691.97	0	0	768.856	0	0	-76.8856
Oahu	2030-09-23-00:00	584.008	0	0	648.897	0	0	-64.8897
Oahu	2030-09-23-02:00	559.872	0	0	622.08	0	0	-62.208
Oahu	2030-09-23-04:00	620.601	0	0	671.72	16.053	0	-67.172
Oahu	2030-09-23-06:00	734.971	0	0	816.635	0	0	-81.6635
Oahu	2030-09-23-08:00	1092.35	0	0	894.281	40.6162	0	157.448
Oahu	2030-09-23-10:00	1136.83	0	0	927.826	76.8804	77.5686	54.5525
Oahu	2030-09-23-12:00	1291.21	0	0	943.446	26.506	185.254	136
Oahu	2030-09-23-14:00	1222.83	0	0	944.285	0	0	278.543
Oahu	2030-09-23-16:00	1158.5	0	0	929.259	76.8804	245.29	-92.9259
Oahu	2030-09-23-18:00	862.489	0	0	958.321	0	0	-95.8321
Oahu	2030-09-23-20:00	789.981	0	0	877.756	0	0	-87.7756
Oahu	2030-09-23-22:00	679.639	0	0	740.771	12.9448	0	-74.0771
Oahu	2030-10-23-00:00	580.995	0	0	645.55	0	0	-64.555
Oahu	2030-10-23-02:00	555.594	0	0	617.326	0	0	-61.7326
Oahu	2030-10-23-04:00	591.34	0	0	655.413	1.4678	0	-65.5413
Oahu	2030-10-23-06:00	718.186	0	0	797.984	0	0	-79.7984
Oahu	2030-10-23-08:00	1116.95	0	0	870.864	76.8804	0	169.202
Oahu	2030-10-23-10:00	1252.21	0	0	906	76.8804	0	269.333
Oahu	2030-10-23-12:00	1263.67	0	0	919.296	0	234.741	109.635
Oahu	2030-10-23-14:00	1227.79	0	0	916.081	50.5065	273.371	-12.1656
Oahu	2030-10-23-16:00	909.128	0	0	903.313	16.6157	0	-10.8002
Oahu	2030-10-23-18:00	843.808	0	0	937.564	0	0	-93.7564
Oahu	2030-10-23-20:00	774.08	0	0	860.089	0	0	-86.0089
Oahu	2030-10-23-22:00	687.022	0	0	738.11	22.7231	0	-73.811
Oahu	2030-11-23-00:00	556.681	0	0	618.535	0	0	-61.8535
Oahu	2030-11-23-02:00	531.321	0	0	590.357	0	0	-59.0357
Oahu	2030-11-23-04:00	543.936	0	0	604.373	0	0	-60.4373
Oahu	2030-11-23-06:00	595.707	0	0	661.897	0	0	-66.1897
Oahu	2030-11-23-08:00	954.173	0	0	768.724	36.2642	226.057	-76.8724
Oahu	2030-11-23-10:00	1126.54	0	0	817.691	40.6162	0	268.232
Oahu	2030-11-23-12:00	1193.27	0	0	813.4	76.8804	282.055	20.9324
Oahu	2030-11-23-14:00	1115.89	0	0	805.26	40.6162	0	270.013
Oahu	2030-11-23-16:00	861.114	0	0	826.241	26.506	0	8.36754
Oahu	2030-11-23-18:00	804.912	0	0	894.347	0	0	-89.4347
Oahu	2030-11-23-20:00	744.192	0	0	823.937	2.64919	0	-82.3937
Oahu	2030-11-23-22:00	698.089	0	0	713.28	56.1367	0	-71.328
Oahu	2030-12-23-00:00	593.697	0	0	621.67	0	0	-27.9739
Oahu	2030-12-23-02:00	575.692	0	0	584.693	0	0	-9.00073
Oahu	2030-12-23-04:00	562.344	0	0	624.826	0	0	-62.4826
Oahu	2030-12-23-06:00	679.207	0	0	754.675	0	0	-75.4675
Oahu	2030-12-23-08:00	852.245	0	0	838.712	64.0688	33.3358	-83.8712
Oahu	2030-12-23-10:00	1016.7	0	0	877.03	0	227.375	-87.703
Oahu	2030-12-23-12:00	1155.81	0	0	877.717	0	0	278.089
Oahu	2030-12-23-14:00	1275.66	0	0	872.349	0	0	403.307
Oahu	2030-12-23-16:00	931.245	0	0	860.287	0	156.987	-86.0287
Oahu	2030-12-23-18:00	813.683	0	0	904.092	0	0	-90.4092
Oahu	2030-12-23-20:00	774.732	0	0	843.366	0	15.7017	-84.3366
Oahu	2030-12-23-22:00	741.817	0	0	741.227	0	74.7129	-74.1227
Oahu	2035-01-23-00:00	589.274	0	0	618.938	0	32.2299	-61.8938
Oahu	2035-01-23-02:00	603.036	0	0	589.148	0	72.8023	-58.9148
Oahu	2035-01-23-04:00	599.016	0	0	637.865	0	24.9378	-63.7865
Oahu	2035-01-23-06:00	725.22	0	0	805.8	0	0	-80.58
Oahu	2035-01-23-08:00	1029.81	0	0	849.447	185.61	0	-5.24878
Oahu	2035-01-23-10:00	1354.26	0	0	872.639	0	568.89	-87.2639
Oahu	2035-01-23-12:00	1280.63	0	0	878.943	0	0	401.691
Oahu	2035-01-23-14:00	1216.42	0	0	873.812	0	70.1752	272.437
Oahu	2035-01-23-16:00	979.668	0	0	869.213	176.809	0	-66.355
Oahu	2035-01-23-18:00	837.418	0	0	930.464	0	0	-93.0464
Oahu	2035-01-23-20:00	768.482	0	0	853.868	0	0	-85.3868
Oahu	2035-01-23-22:00	644.869	0	0	716.521	0	0	-71.6521
Oahu	2035-02-23-00:00	615.739	0	0	642.887	37.141	0	-64.2887
Oahu	2035-02-23-02:00	689.377	0	0	600.72	148.729	0	-60.072
Oahu	2035-02-23-04:00	549.282	0	0	610.313	0	0	-61.0313
Oahu	2035-02-23-06:00	618.795	0	0	687.55	0	0	-68.755
Oahu	2035-02-23-08:00	997.266	0	0	810.146	36.2642	231.87	-81.0146
Oahu	2035-02-23-10:00	1233.87	0	0	860.787	185.61	57.0463	130.43
Oahu	2035-02-23-12:00	1497.66	0	0	862.718	142.69	0	492.253
Oahu	2035-02-23-14:00	1283.28	0	0	859.832	29.3141	480.119	-85.9832
Oahu	2035-02-23-16:00	1104.52	0	0	869.302	185.61	0	49.6072
Oahu	2035-02-23-18:00	813.997	0	0	904.441	0	0	-90.4441
Oahu	2035-02-23-20:00	766.977	0	0	852.197	0	0	-85.2197
Oahu	2035-02-23-22:00	679.337	0	0	754.819	0	0	-75.4819
Oahu	2035-03-23-00:00	576.504	0	0	640.56	0	0	-64.056
Oahu	2035-03-23-02:00	541.385	0	0	601.539	0	0	-60.1539
Oahu	2035-03-23-04:00	548.422	0	0	609.358	0	0	-60.9358
Oahu	2035-03-23-06:00	598.144	0	0	664.604	0	0	-66.4604
Oahu	2035-03-23-08:00	1164.29	0	0	775.936	185.61	0	202.743
Oahu	2035-03-23-10:00	1282.89	0	0	810.638	9.89024	155.491	306.874
Oahu	2035-03-23-12:00	1301.23	0	0	815.564	221.875	345.35	-81.5564
Oahu	2035-03-23-14:00	1071.99	0	0	813.121	112.196	0	146.671
Oahu	2035-03-23-16:00	1194.11	0	0	822.558	185.61	268.194	-82.2558
Oahu	2035-03-23-18:00	769.016	0	0	854.462	0	0	-85.4462
Oahu	2035-03-23-20:00	745.976	0	0	828.862	0	0	-82.8862
Oahu	2035-03-23-22:00	652.839	0	0	725.377	0	0	-72.5377
Oahu	2035-04-23-00:00	562.669	0	0	625.188	0	0	-62.5188
Oahu	2035-04-23-02:00	535.723	0	0	595.248	0	0	-59.5248
Oahu	2035-04-23-04:00	572.175	0	0	635.75	0	0	-63.575
Oahu	2035-04-23-06:00	711.704	0	0	790.783	0	0	-79.0783
Oahu	2035-04-23-08:00	1146.8	0	0	875.156	85.8217	0	185.822
Oahu	2035-04-23-10:00	1478.09	0	0	915.098	36.2642	136.39	390.333
Oahu	2035-04-23-12:00	1563.84	0	0	929.058	185.61	542.082	-92.9058
Oahu	2035-04-23-14:00	1282.82	0	0	931.999	221.875	0	128.95
Oahu	2035-04-23-16:00	1108.04	0	0	924.296	185.61	90.5633	-92.4296
Oahu	2035-04-23-18:00	832.609	0	0	925.121	0	0	-92.5121
Oahu	2035-04-23-20:00	798.08	0	0	886.755	0	0	-88.6755
Oahu	2035-04-23-22:00	664.967	0	0	738.853	0	0	-73.8853
Oahu	2035-05-23-00:00	601.417	0	0	668.241	0	0	-66.8241
Oahu	2035-05-23-02:00	572.783	0	0	636.425	0	0	-63.6425
Oahu	2035-05-23-04:00	615.473	0	0	683.859	0	0	-68.3859
Oahu	2035-05-23-06:00	753.142	0	0	836.825	0	0	-83.6825
Oahu	2035-05-23-08:00	1307.53	0	0	922.89	0	0	384.642
Oahu	2035-05-23-10:00	1318.89	0	0	957.544	0	0	361.344
Oahu	2035-05-23-12:00	1420.76	0	0	964.511	160.153	392.545	-96.4511
Oahu	2035-05-23-14:00	1237.41	0	0	956.576	0	376.49	-95.6576
Oahu	2035-05-23-16:00	1048.88	0	0	926.029	138.657	0	-15.8038
Oahu	2035-05-23-18:00	818.105	0	0	909.005	0	0	-90.9005
Oahu	2035-05-23-20:00	790.539	0	0	878.377	0	0	-87.8377
Oahu	2035-05-23-22:00	691.201	0	0	768.001	0	0	-76.8001
Oahu	2035-06-23-00:00	590.628	0	0	656.253	0	0	-65.6253
Oahu	2035-06-23-02:00	561.754	0	0	624.171	0	0	-62.4171
Oahu	2035-06-23-04:00	599.685	0	0	666.317	0	0	-66.6317
Oahu	2035-06-23-06:00	725.644	0	0	806.271	0	0	-80.6271
Oahu	2035-06-23-08:00	1240.07	0	0	899.876	221.875	0	118.32
Oahu	2035-06-23-10:00	1407.42	0	0	947.869	75.9315	116.189	267.431
Oahu	2035-06-23-12:00	1499.26	0	0	961.331	195.501	0	342.429
Oahu	2035-06-23-14:00	1425.02	0	0	962.539	0	558.735	-96.2539
Oahu	2035-06-23-16:00	1167.5	0	0	946.13	221.875	94.1107	-94.613
Oahu	2035-06-23-18:00	834.12	0	0	926.8	0	0	-92.68
Oahu	2035-06-23-20:00	824.418	0	0	916.019	0	0	-91.6019
Oahu	2035-06-23-22:00	699.576	0	0	777.307	0	0	-77.7307
Oahu	2035-07-23-00:00	707.868	0	0	691.508	0	0	16.3605
Oahu	2035-07-23-02:00	640.679	0	0	655.925	50.3459	0	-65.5925
Oahu	2035-07-23-04:00	623.597	0	0	692.886	0	0	-69.2886
Oahu	2035-07-23-06:00	746.713	0	0	829.681	0	0	-82.9681
Oahu	2035-07-23-08:00	1028.41	0	0	917.002	127.881	0	-16.4718
Oahu	2035-07-23-10:00	1407.15	0	0	965.787	186.021	351.919	-96.5787
Oahu	2035-07-23-12:00	1381.3	0	0	975.687	0	0	405.61
Oahu	2035-07-23-14:00	1291.96	0	0	972.05	0	417.116	-97.205
Oahu	2035-07-23-16:00	1233.91	0	0	962.71	0	0	271.203
Oahu	2035-07-23-18:00	847.341	0	0	941.49	0	0	-94.149
Oahu	2035-07-23-20:00	827.844	0	0	919.827	0	0	-91.9827
Oahu	2035-07-23-22:00	710.433	0	0	789.37	0	0	-78.937
Oahu	2035-08-23-00:00	617.567	0	0	686.186	0	0	-68.6186
Oahu	2035-08-23-02:00	579.482	0	0	643.869	0	0	-64.3869
Oahu	2035-08-23-04:00	587.754	0	0	653.06	0	0	-65.306
Oahu	2035-08-23-06:00	656.542	0	0	729.491	0	0	-72.9491
Oahu	2035-08-23-08:00	1351.66	0	0	857.949	185.61	0	308.103
Oahu	2035-08-23-10:00	1156.3	0	0	905.928	0	0	250.374
Oahu	2035-08-23-12:00	1475.32	0	0	909.647	85.8217	331.674	148.18
Oahu	2035-08-23-14:00	1308.63	0	0	906.017	221.875	271.344	-90.6017
Oahu	2035-08-23-16:00	1198.58	0	0	900.763	221.875	166.017	-90.0763
Oahu	2035-08-23-18:00	801.807	0	0	890.897	0	0	-89.0897
Oahu	2035-08-23-20:00	784.564	0	0	871.738	0	0	-87.1738
Oahu	2035-08-23-22:00	706.098	0	0	784.553	0	0	-78.4553
Oahu	2035-09-23-00:00	594.521	0	0	660.579	0	0	-66.0579
Oahu	2035-09-23-02:00	569.577	0	0	632.864	0	0	-63.2864
Oahu	2035-09-23-04:00	620.601	0	0	684.166	4.85202	0	-68.4166
Oahu	2035-09-23-06:00	750.538	0	0	833.932	0	0	-83.3932
Oahu	2035-09-23-08:00	1302.17	0	0	914.177	221.875	0	166.118
Oahu	2035-09-23-10:00	1257.86	0	0	948.845	9.89024	71.0233	228.098
Oahu	2035-09-23-12:00	1492.45	0	0	964.988	185.61	0	341.854
Oahu	2035-09-23-14:00	1429.7	0	0	965.855	112.196	448.235	-96.5855
Oahu	2035-09-23-16:00	1290.68	0	0	950.326	185.61	249.777	-95.0326
Oahu	2035-09-23-18:00	882.325	0	0	980.361	0	0	-98.0361
Oahu	2035-09-23-20:00	807.389	0	0	897.099	0	0	-89.7099
Oahu	2035-09-23-22:00	679.975	0	0	755.528	0	0	-75.5528
Oahu	2035-10-23-00:00	591.408	0	0	657.119	0	0	-65.7119
Oahu	2035-10-23-02:00	565.156	0	0	627.951	0	0	-62.7951
Oahu	2035-10-23-04:00	600.582	0	0	667.313	0	0	-66.7313
Oahu	2035-10-23-06:00	733.191	0	0	814.656	0	0	-81.4656
Oahu	2035-10-23-08:00	1289.92	0	0	889.976	195.501	0	204.446
Oahu	2035-10-23-10:00	1474.93	0	0	926.288	0	331.842	216.8
Oahu	2035-10-23-12:00	1426.17	0	0	940.03	185.61	0	300.533
Oahu	2035-10-23-14:00	1417.42	0	0	936.707	137.19	437.194	-93.6707
Oahu	2035-10-23-16:00	1028.04	0	0	923.511	196.88	0	-92.3511
Oahu	2035-10-23-18:00	863.018	0	0	958.909	0	0	-95.8909
Oahu	2035-10-23-20:00	790.957	0	0	878.841	0	0	-87.8841
Oahu	2035-10-23-22:00	677.501	0	0	752.778	0	0	-75.2778
Oahu	2035-11-23-00:00	566.28	0	0	629.2	0	0	-62.92
Oahu	2035-11-23-02:00	540.071	0	0	600.079	0	0	-60.0079
Oahu	2035-11-23-04:00	553.108	0	0	614.564	0	0	-61.4564
Oahu	2035-11-23-06:00	606.612	0	0	674.013	0	0	-67.4013
Oahu	2035-11-23-08:00	1102.74	0	0	784.417	178.291	218.471	-78.4417
Oahu	2035-11-23-10:00	1258.97	0	0	835.023	32.378	5.61344	385.951
Oahu	2035-11-23-12:00	1375.36	0	0	830.588	185.61	0	359.164
Oahu	2035-11-23-14:00	1226.89	0	0	822.175	185.61	301.319	-82.2175
Oahu	2035-11-23-16:00	974.422	0	0	843.859	0	214.949	-84.3859
Oahu	2035-11-23-18:00	822.821	0	0	914.246	0	0	-91.4246
Oahu	2035-11-23-20:00	757.33	0	0	841.478	0	0	-84.1478
Oahu	2035-11-23-22:00	683.089	0	0	727.117	0	28.6835	-72.7117
Oahu	2035-12-23-00:00	599.397	0	0	632.441	0	0	-33.044
Oahu	2035-12-23-02:00	577.057	0	0	594.225	42.2545	0	-59.4225
Oahu	2035-12-23-04:00	572.132	0	0	635.702	0	0	-63.5702
Oahu	2035-12-23-06:00	692.908	0	0	769.897	0	0	-76.9897
Oahu	2035-12-23-08:00	823.673	0	0	856.748	0	52.6003	-85.6748
Oahu	2035-12-23-10:00	1194.44	0	0	896.349	0	0	298.091
Oahu	2035-12-23-12:00	1332.24	0	0	897.058	0	0	435.178
Oahu	2035-12-23-14:00	1488.92	0	0	891.511	209.442	477.118	-89.1511
Oahu	2035-12-23-16:00	1047.13	0	0	879.046	0	239.317	-71.2285
Oahu	2035-12-23-18:00	831.885	0	0	924.316	0	0	-92.4316
Oahu	2035-12-23-20:00	775.402	0	0	861.558	0	0	-86.1558
Oahu	2035-12-23-22:00	680.399	0	0	755.999	0	0	-75.5999
Oahu	2040-01-23-00:00	639.601	0	0	647.395	0	0	-7.79429
Oahu	2040-01-23-02:00	653.465	0	0	617.64	0	0	35.8243
Oahu	2040-01-23-04:00	656.544	0	0	666.3	0	56.8741	-66.63
Oahu	2040-01-23-06:00	750.635	0	0	834.039	0	0	-83.4039
Oahu	2040-01-23-08:00	1132.38	0	0	877.635	0	342.507	-87.7635
Oahu	2040-01-23-10:00	1460.44	0	0	900.799	323.175	0	236.462
Oahu	2040-01-23-12:00	1275.11	0	0	907.096	0	376.756	-8.73809
Oahu	2040-01-23-14:00	1232.3	0	0	901.971	0	0	330.329
Oahu	2040-01-23-16:00	1073.82	0	0	897.378	0	266.181	-89.7378
Oahu	2040-01-23-18:00	862.701	0	0	958.557	0	0	-95.8557
Oahu	2040-01-23-20:00	793.846	0	0	882.051	0	0	-88.2051
Oahu	2040-01-23-22:00	670.377	0	0	744.864	0	0	-74.4864
Oahu	2040-02-23-00:00	604.184	0	0	671.316	0	0	-67.1316
Oahu	2040-02-23-02:00	566.279	0	0	629.199	0	0	-62.9199
Oahu	2040-02-23-04:00	574.903	0	0	638.781	0	0	-63.8781
Oahu	2040-02-23-06:00	644.334	0	0	715.927	0	0	-71.5927
Oahu	2040-02-23-08:00	1230.22	0	0	838.38	381.571	0	10.2713
Oahu	2040-02-23-10:00	1455.93	0	0	888.961	381.571	274.295	-88.8961
Oahu	2040-02-23-12:00	1573.44	0	0	890.89	156.097	509.671	16.7806
Oahu	2040-02-23-14:00	1564.73	0	0	888.007	0	0	676.719
Oahu	2040-02-23-16:00	1447.64	0	0	897.467	381.571	258.352	-89.7467
Oahu	2040-02-23-18:00	839.308	0	0	932.564	0	0	-93.2564
Oahu	2040-02-23-20:00	792.343	0	0	880.381	0	0	-88.0381
Oahu	2040-02-23-22:00	704.805	0	0	783.117	0	0	-78.3117
Oahu	2040-03-23-00:00	602.093	0	0	668.992	0	0	-66.8992
Oahu	2040-03-23-02:00	567.015	0	0	630.016	0	0	-63.0016
Oahu	2040-03-23-04:00	574.044	0	0	637.827	0	0	-63.7827
Oahu	2040-03-23-06:00	623.707	0	0	693.008	0	0	-69.3008
Oahu	2040-03-23-08:00	1459.75	0	0	804.209	541.304	194.659	-80.4209
Oahu	2040-03-23-10:00	1669.7	0	0	838.871	159.733	0	671.097
Oahu	2040-03-23-12:00	1876.2	0	0	843.791	541.304	575.486	-84.3791
Oahu	2040-03-23-14:00	1520.52	0	0	841.351	541.304	46.7602	91.1081
Oahu	2040-03-23-16:00	1445.13	0	0	850.777	454.021	225.412	-85.0777
Oahu	2040-03-23-18:00	794.38	0	0	882.644	0	0	-88.2644
Oahu	2040-03-23-20:00	771.366	0	0	857.074	0	0	-85.7074
Oahu	2040-03-23-22:00	678.339	0	0	753.71	0	0	-75.371
Oahu	2040-04-23-00:00	588.274	0	0	653.637	0	0	-65.3637
Oahu	2040-04-23-02:00	561.36	0	0	623.733	0	0	-62.3733
Oahu	2040-04-23-04:00	597.768	0	0	664.187	0	0	-66.4187
Oahu	2040-04-23-06:00	737.135	0	0	819.039	0	0	-81.9039
Oahu	2040-04-23-08:00	1513.98	0	0	903.314	381.571	319.428	-90.3314
Oahu	2040-04-23-10:00	1582.64	0	0	943.209	381.571	0	257.855
Oahu	2040-04-23-12:00	1616.16	0	0	957.153	150.756	0	508.251
Oahu	2040-04-23-14:00	1450.12	0	0	960.09	0	586.043	-96.009
Oahu	2040-04-23-16:00	1430.64	0	0	952.396	381.571	136.847	-40.1772
Oahu	2040-04-23-18:00	857.899	0	0	953.221	0	0	-95.3221
Oahu	2040-04-23-20:00	823.41	0	0	914.9	0	0	-91.49
Oahu	2040-04-23-22:00	690.453	0	0	767.17	0	0	-76.717
Oahu	2040-05-23-00:00	626.976	0	0	696.64	0	0	-69.664
Oahu	2040-05-23-02:00	598.376	0	0	664.862	0	0	-66.4862
Oahu	2040-05-23-04:00	641.016	0	0	712.24	0	0	-71.224
Oahu	2040-05-23-06:00	778.524	0	0	865.027	0	0	-86.5027
Oahu	2040-05-23-08:00	1635.6	0	0	950.992	342.985	0	341.621
Oahu	2040-05-23-10:00	1527.9	0	0	985.606	381.571	209.259	-48.5317
Oahu	2040-05-23-12:00	1723.31	0	0	992.564	0	830.007	-99.2564
Oahu	2040-05-23-14:00	1444.09	0	0	984.638	0	0	459.45
Oahu	2040-05-23-16:00	1243.34	0	0	954.127	381.571	3.05082	-95.4127
Oahu	2040-05-23-18:00	843.411	0	0	937.123	0	0	-93.7123
Oahu	2040-05-23-20:00	815.878	0	0	906.531	0	0	-90.6531
Oahu	2040-05-23-22:00	716.655	0	0	796.283	0	0	-79.6283
Oahu	2040-06-23-00:00	616.2	0	0	684.666	0	0	-68.4666
Oahu	2040-06-23-02:00	587.36	0	0	652.622	0	0	-65.2622
Oahu	2040-06-23-04:00	625.247	0	0	694.719	0	0	-69.4719
Oahu	2040-06-23-06:00	751.058	0	0	834.509	0	0	-83.4509
Oahu	2040-06-23-08:00	1534.93	0	0	928.005	381.571	0	225.351
Oahu	2040-06-23-10:00	1630.37	0	0	975.942	381.571	0	272.855
Oahu	2040-06-23-12:00	1716.91	0	0	989.388	381.571	444.89	-98.9388
Oahu	2040-06-23-14:00	1546.38	0	0	990.594	156.097	498.745	-99.0594
Oahu	2040-06-23-16:00	1329.79	0	0	974.204	0	98.6824	256.905
Oahu	2040-06-23-18:00	859.407	0	0	954.897	0	0	-95.4897
Oahu	2040-06-23-20:00	849.716	0	0	944.129	0	0	-94.4129
Oahu	2040-06-23-22:00	725.021	0	0	805.579	0	0	-80.5579
Oahu	2040-07-23-00:00	726.312	0	0	719.88	0	78.4204	-71.988
Oahu	2040-07-23-02:00	680.76	0	0	684.339	0	64.8545	-68.4339
Oahu	2040-07-23-04:00	649.131	0	0	721.256	0	0	-72.1256
Oahu	2040-07-23-06:00	772.102	0	0	857.892	0	0	-85.7892
Oahu	2040-07-23-08:00	994.997	0	0	945.111	0	0	49.8866
Oahu	2040-07-23-10:00	1522.74	0	0	993.838	0	379.656	149.248
Oahu	2040-07-23-12:00	1337.89	0	0	1003.73	381.571	52.9636	-100.373
Oahu	2040-07-23-14:00	1369.22	0	0	1000.09	2.71156	466.423	-100.009
Oahu	2040-07-23-16:00	1563.86	0	0	990.765	0	0	573.098
Oahu	2040-07-23-18:00	872.613	0	0	969.57	0	0	-96.957
Oahu	2040-07-23-20:00	853.139	0	0	947.932	0	0	-94.7932
Oahu	2040-07-23-22:00	735.865	0	0	817.628	0	0	-81.7628
Oahu	2040-08-23-00:00	643.108	0	0	714.564	0	0	-71.4564
Oahu	2040-08-23-02:00	605.067	0	0	672.297	0	0	-67.2297
Oahu	2040-08-23-04:00	613.329	0	0	681.477	0	0	-68.1477
Oahu	2040-08-23-06:00	682.037	0	0	757.819	0	0	-75.7819
Oahu	2040-08-23-08:00	1690.16	0	0	886.126	0	892.65	-88.6126
Oahu	2040-08-23-10:00	1261.22	0	0	934.05	381.571	39.0075	-93.405
Oahu	2040-08-23-12:00	1680.55	0	0	937.764	381.571	0	361.21
Oahu	2040-08-23-14:00	1438.1	0	0	934.139	381.571	0	122.389
Oahu	2040-08-23-16:00	1439.86	0	0	928.891	156.097	110.66	244.21
Oahu	2040-08-23-18:00	827.133	0	0	919.036	0	0	-91.9036
Oahu	2040-08-23-20:00	809.91	0	0	899.9	0	0	-89.99
Oahu	2040-08-23-22:00	731.535	0	0	812.817	0	0	-81.2817
Oahu	2040-09-23-00:00	620.088	0	0	688.987	0	0	-68.8987
Oahu	2040-09-23-02:00	595.174	0	0	661.304	0	0	-66.1304
Oahu	2040-09-23-04:00	641.292	0	0	712.547	0	0	-71.2547
Oahu	2040-09-23-06:00	775.924	0	0	862.137	0	0	-86.2137
Oahu	2040-09-23-08:00	1949.3	0	0	942.289	388.491	619.673	-1.15607
Oahu	2040-09-23-10:00	1351.22	0	0	976.917	381.571	90.4219	-97.6917
Oahu	2040-09-23-12:00	1796.83	0	0	993.041	534.384	0	269.406
Oahu	2040-09-23-14:00	1801.26	0	0	993.907	315.83	0	491.524
Oahu	2040-09-23-16:00	1747.16	0	0	978.395	534.384	332.223	-97.8395
Oahu	2040-09-23-18:00	907.556	0	0	1008.4	0	0	-100.84
Oahu	2040-09-23-20:00	832.708	0	0	925.231	0	0	-92.5231
Oahu	2040-09-23-22:00	705.443	0	0	783.826	0	0	-78.3826
Oahu	2040-10-23-00:00	616.979	0	0	685.532	0	0	-68.5532
Oahu	2040-10-23-02:00	590.758	0	0	656.398	0	0	-65.6398
Oahu	2040-10-23-04:00	626.142	0	0	695.714	0	0	-69.5714
Oahu	2040-10-23-06:00	758.596	0	0	842.885	0	0	-84.2885
Oahu	2040-10-23-08:00	1790.91	0	0	918.116	381.571	325.432	165.788
Oahu	2040-10-23-10:00	1699.46	0	0	954.386	381.571	0	363.499
Oahu	2040-10-23-12:00	1567.59	0	0	968.112	381.571	0	217.91
Oahu	2040-10-23-14:00	2119.58	0	0	964.793	534.384	716.885	-96.4793
Oahu	2040-10-23-16:00	1375.58	0	0	951.612	519.13	0	-95.1612
Oahu	2040-10-23-18:00	888.272	0	0	986.969	0	0	-98.6969
Oahu	2040-10-23-20:00	816.295	0	0	906.994	0	0	-90.6994
Oahu	2040-10-23-22:00	702.971	0	0	781.079	0	0	-78.1079
Oahu	2040-11-23-00:00	591.88	0	0	657.645	0	0	-65.7645
Oahu	2040-11-23-02:00	565.702	0	0	628.558	0	0	-62.8558
Oahu	2040-11-23-04:00	578.724	0	0	643.026	0	0	-64.3026
Oahu	2040-11-23-06:00	632.165	0	0	702.406	0	0	-70.2406
Oahu	2040-11-23-08:00	1263.7	0	0	812.681	0	0	451.023
Oahu	2040-11-23-10:00	1309.18	0	0	863.228	0	317.122	128.832
Oahu	2040-11-23-12:00	1489.73	0	0	858.798	381.571	335.238	-85.8798
Oahu	2040-11-23-14:00	1289.34	0	0	850.395	325.808	0	113.142
Oahu	2040-11-23-16:00	1148.7	0	0	872.053	0	363.855	-87.2053
Oahu	2040-11-23-18:00	848.122	0	0	942.357	0	0	-94.2357
Oahu	2040-11-23-20:00	782.707	0	0	869.675	0	0	-86.9675
Oahu	2040-11-23-22:00	706.005	0	0	755.448	0	26.1017	-75.5448
Oahu	2040-12-23-00:00	610.798	0	0	660.882	0	16.0047	-66.0882
Oahu	2040-12-23-02:00	577.15	0	0	622.711	0	16.7107	-62.2711
Oahu	2040-12-23-04:00	597.726	0	0	664.139	0	0	-66.4139
Oahu	2040-12-23-06:00	718.36	0	0	798.178	0	0	-79.8178
Oahu	2040-12-23-08:00	960.105	0	0	884.927	0	163.671	-88.4927
Oahu	2040-12-23-10:00	1390.47	0	0	924.482	74.4923	483.946	-92.4482
Oahu	2040-12-23-12:00	1514.47	0	0	925.19	381.571	300.229	-92.519
Oahu	2040-12-23-14:00	1717.12	0	0	919.65	0	61.7555	735.72
Oahu	2040-12-23-16:00	1213.84	0	0	907.199	231.662	0	74.9755
Oahu	2040-12-23-18:00	857.175	0	0	952.416	0	0	-95.2416
Oahu	2040-12-23-20:00	800.758	0	0	889.732	0	0	-88.9732
Oahu	2040-12-23-22:00	705.866	0	0	784.296	0	0	-78.4296
Oahu	2045-01-23-00:00	595.363	0	0	661.515	0	0	-66.1515
Oahu	2045-01-23-02:00	567.701	0	0	630.779	0	0	-63.0779
Oahu	2045-01-23-04:00	612.939	0	0	681.043	0	0	-68.1043
Oahu	2045-01-23-06:00	768.882	0	0	854.313	0	0	-85.4313
Oahu	2045-01-23-08:00	1265.66	0	0	899.347	0	456.243	-89.9347
Oahu	2045-01-23-10:00	2132.2	0	0	923.275	960.336	340.92	-92.3275
Oahu	2045-01-23-12:00	2220.15	0	0	929.78	995.277	0	295.096
Oahu	2045-01-23-14:00	1987.58	0	0	924.486	0	536.289	526.81
Oahu	2045-01-23-16:00	1161.63	0	0	919.741	333.863	0	-91.9741
Oahu	2045-01-23-18:00	884.644	0	0	982.937	0	0	-98.2937
Oahu	2045-01-23-20:00	813.518	0	0	903.909	0	0	-90.3909
Oahu	2045-01-23-22:00	685.978	0	0	762.198	0	0	-76.2198
Oahu	2045-02-23-00:00	617.602	0	0	686.224	0	0	-68.6224
Oahu	2045-02-23-02:00	578.447	0	0	642.719	0	0	-64.2719
Oahu	2045-02-23-04:00	587.355	0	0	652.617	0	0	-65.2617
Oahu	2045-02-23-06:00	659.076	0	0	732.307	0	0	-73.2307
Oahu	2045-02-23-08:00	1448.54	0	0	858.798	675.619	0	-85.8798
Oahu	2045-02-23-10:00	2223.83	0	0	911.047	964.794	0	347.994
Oahu	2045-02-23-12:00	2366.58	0	0	913.039	995.277	0	458.26
Oahu	2045-02-23-14:00	2146.87	0	0	910.061	0	1327.81	-91.0061
Oahu	2045-02-23-16:00	1590.79	0	0	919.833	757.3	5.63881	-91.9833
Oahu	2045-02-23-18:00	860.479	0	0	956.088	0	0	-95.6088
Oahu	2045-02-23-20:00	811.966	0	0	902.184	0	0	-90.2184
Oahu	2045-02-23-22:00	721.541	0	0	801.712	0	0	-80.1712
Oahu	2045-03-23-00:00	762.812	0	0	683.824	0	0	78.9879
Oahu	2045-03-23-02:00	579.207	0	0	643.563	0	0	-64.3563
Oahu	2045-03-23-04:00	586.468	0	0	651.631	0	0	-65.1631
Oahu	2045-03-23-06:00	637.769	0	0	708.632	0	0	-70.8632
Oahu	2045-03-23-08:00	2055.79	0	0	823.5	0	1314.64	-82.35
Oahu	2045-03-23-10:00	1565.56	0	0	859.305	0	18.8094	687.444
Oahu	2045-03-23-12:00	1773.23	0	0	864.387	995.277	0	-86.4387
Oahu	2045-03-23-14:00	1723.47	0	0	861.867	947.79	0	-86.1867
Oahu	2045-03-23-16:00	1189.49	0	0	871.603	405.051	0	-87.1603
Oahu	2045-03-23-18:00	845.552	0	0	904.521	0	0	-58.9689
Oahu	2045-03-23-20:00	790.297	0	0	878.108	0	0	-87.8108
Oahu	2045-03-23-22:00	694.202	0	0	771.335	0	0	-77.1335
Oahu	2045-04-23-00:00	601.167	0	0	667.963	0	0	-66.7963
Oahu	2045-04-23-02:00	573.365	0	0	637.073	0	0	-63.7073
Oahu	2045-04-23-04:00	610.975	0	0	678.861	0	0	-67.8861
Oahu	2045-04-23-06:00	754.937	0	0	838.819	0	0	-83.8819
Oahu	2045-04-23-08:00	1662.26	0	0	925.873	828.971	0	-92.5873
Oahu	2045-04-23-10:00	1992.92	0	0	967.084	523.545	0	502.292
Oahu	2045-04-23-12:00	2585.14	0	0	981.487	272.243	1333.45	-2.03811
Oahu	2045-04-23-14:00	2222.11	0	0	984.521	995.277	0	242.312
Oahu	2045-04-23-16:00	1651.87	0	0	976.573	772.954	0	-97.6573
Oahu	2045-04-23-18:00	879.683	0	0	977.425	0	0	-97.7425
Oahu	2045-04-23-20:00	844.056	0	0	937.84	0	0	-93.784
Oahu	2045-04-23-22:00	706.715	0	0	785.239	0	0	-78.5239
Oahu	2045-05-23-00:00	641.146	0	0	712.384	0	0	-71.2384
Oahu	2045-05-23-02:00	611.602	0	0	679.558	0	0	-67.9558
Oahu	2045-05-23-04:00	655.649	0	0	728.498	0	0	-72.8498
Oahu	2045-05-23-06:00	797.691	0	0	886.323	0	0	-88.6323
Oahu	2045-05-23-08:00	1894.12	0	0	975.123	0	1016.51	-97.5123
Oahu	2045-05-23-10:00	2086.91	0	0	1010.88	995.277	0	80.7519
Oahu	2045-05-23-12:00	2283.69	0	0	1018.07	224.034	254.794	786.791
Oahu	2045-05-23-14:00	1966.32	0	0	1009.88	995.277	62.1518	-100.988
Oahu	2045-05-23-16:00	1415.87	0	0	978.361	535.35	0	-97.8361
Oahu	2045-05-23-18:00	864.717	0	0	960.797	0	0	-96.0797
Oahu	2045-05-23-20:00	836.276	0	0	929.196	0	0	-92.9196
Oahu	2045-05-23-22:00	733.782	0	0	815.313	0	0	-81.5313
Oahu	2045-06-23-00:00	630.014	0	0	700.015	0	0	-70.0015
Oahu	2045-06-23-02:00	600.223	0	0	666.914	0	0	-66.6914
Oahu	2045-06-23-04:00	639.359	0	0	710.399	0	0	-71.0399
Oahu	2045-06-23-06:00	769.319	0	0	854.799	0	0	-85.4799
Oahu	2045-06-23-08:00	1786.58	0	0	951.378	284.347	645.99	-95.1378
Oahu	2045-06-23-10:00	2051.42	0	0	1000.9	995.277	0	55.2462
Oahu	2045-06-23-12:00	2514.08	0	0	1014.79	0	687.462	811.828
Oahu	2045-06-23-14:00	1860.78	0	0	1016.03	946.354	0	-101.603
Oahu	2045-06-23-16:00	1661.97	0	0	999.101	762.781	0	-99.9101
Oahu	2045-06-23-18:00	881.241	0	0	979.157	0	0	-97.9157
Oahu	2045-06-23-20:00	871.231	0	0	968.034	0	0	-96.8034
Oahu	2045-06-23-22:00	742.424	0	0	824.915	0	0	-82.4915
Oahu	2045-07-23-00:00	662.751	0	0	736.39	0	0	-73.639
Oahu	2045-07-23-02:00	629.71	0	0	699.678	0	0	-69.9678
Oahu	2045-07-23-04:00	664.031	0	0	737.812	0	0	-73.7812
Oahu	2045-07-23-06:00	791.057	0	0	878.953	0	0	-87.8953
Oahu	2045-07-23-08:00	1305.72	0	0	969.048	0	433.579	-96.9048
Oahu	2045-07-23-10:00	2285.9	0	0	1019.38	995.277	373.176	-101.938
Oahu	2045-07-23-12:00	2260.2	0	0	1029.6	995.277	338.288	-102.96
Oahu	2045-07-23-14:00	1588.95	0	0	1025.84	0	188.409	374.696
Oahu	2045-07-23-16:00	1709.24	0	0	1016.21	180.277	0	512.754
Oahu	2045-07-23-18:00	894.882	0	0	994.314	0	0	-99.4314
Oahu	2045-07-23-20:00	874.766	0	0	971.962	0	0	-97.1962
Oahu	2045-07-23-22:00	753.625	0	0	837.362	0	0	-83.7362
Oahu	2045-08-23-00:00	657.809	0	0	730.899	0	0	-73.0899
Oahu	2045-08-23-02:00	618.514	0	0	687.238	0	0	-68.7238
Oahu	2045-08-23-04:00	627.049	0	0	696.721	0	0	-69.6721
Oahu	2045-08-23-06:00	698.022	0	0	775.58	0	0	-77.558
Oahu	2045-08-23-08:00	1944.76	0	0	908.118	0	803.798	232.841
Oahu	2045-08-23-10:00	1870.49	0	0	957.622	510.396	0	402.475
Oahu	2045-08-23-12:00	2390.24	0	0	961.459	995.277	529.655	-96.1459
Oahu	2045-08-23-14:00	2067.78	0	0	957.714	995.277	0	114.789
Oahu	2045-08-23-16:00	1749.1	0	0	952.293	892.04	0	-95.2293
Oahu	2045-08-23-18:00	847.902	0	0	942.114	0	0	-94.2114
Oahu	2045-08-23-20:00	830.111	0	0	922.346	0	0	-92.2346
Oahu	2045-08-23-22:00	749.152	0	0	832.391	0	0	-83.2391
Oahu	2045-09-23-00:00	634.031	0	0	704.479	0	0	-70.4479
Oahu	2045-09-23-02:00	608.295	0	0	675.883	0	0	-67.5883
Oahu	2045-09-23-04:00	655.934	0	0	728.815	0	0	-72.8815
Oahu	2045-09-23-06:00	795.005	0	0	883.338	0	0	-88.3338
Oahu	2045-09-23-08:00	1745.55	0	0	966.133	660.656	215.371	-96.6133
Oahu	2045-09-23-10:00	2106.47	0	0	1001.9	995.277	0	109.293
Oahu	2045-09-23-12:00	2034.78	0	0	1018.56	0	1118.08	-101.856
Oahu	2045-09-23-14:00	2554.69	0	0	1019.45	767.933	0	767.308
Oahu	2045-09-23-16:00	1847.3	0	0	1003.43	944.215	0	-100.343
Oahu	2045-09-23-18:00	930.977	0	0	1034.42	0	0	-103.442
Oahu	2045-09-23-20:00	853.661	0	0	948.513	0	0	-94.8513
Oahu	2045-09-23-22:00	722.2	0	0	802.444	0	0	-80.2444
Oahu	2045-10-23-00:00	630.819	0	0	700.909	0	0	-70.0909
Oahu	2045-10-23-02:00	603.733	0	0	670.814	0	0	-67.0814
Oahu	2045-10-23-04:00	640.284	0	0	711.427	0	0	-71.1427
Oahu	2045-10-23-06:00	777.106	0	0	863.451	0	0	-86.3451
Oahu	2045-10-23-08:00	2038.28	0	0	941.163	0	624.336	472.78
Oahu	2045-10-23-10:00	2585.16	0	0	978.629	995.277	709.116	-97.8629
Oahu	2045-10-23-12:00	1827.71	0	0	992.807	934.185	0	-99.2807
Oahu	2045-10-23-14:00	2259.12	0	0	989.379	995.277	0	274.463
Oahu	2045-10-23-16:00	1462.73	0	0	975.764	468.251	0	18.718
Oahu	2045-10-23-18:00	911.057	0	0	1012.29	0	0	-101.229
Oahu	2045-10-23-20:00	836.707	0	0	929.674	0	0	-92.9674
Oahu	2045-10-23-22:00	719.646	0	0	799.607	0	0	-79.9607
Oahu	2045-11-23-00:00	604.892	0	0	672.103	0	0	-67.2103
Oahu	2045-11-23-02:00	577.851	0	0	642.057	0	0	-64.2057
Oahu	2045-11-23-04:00	591.302	0	0	657.002	0	0	-65.7002
Oahu	2045-11-23-06:00	646.506	0	0	718.34	0	0	-71.834
Oahu	2045-11-23-08:00	1652.17	0	0	832.251	303.852	599.292	-83.2251
Oahu	2045-11-23-10:00	2020.5	0	0	884.465	0	734.16	401.874
Oahu	2045-11-23-12:00	2264.99	0	0	879.889	995.277	0	389.827
Oahu	2045-11-23-14:00	1752.48	0	0	871.209	968.389	0	-87.1209
Oahu	2045-11-23-16:00	1078.74	0	0	893.581	274.514	0	-89.3581
Oahu	2045-11-23-18:00	869.583	0	0	966.204	0	0	-96.6204
Oahu	2045-11-23-20:00	802.012	0	0	891.124	0	0	-89.1124
Oahu	2045-11-23-22:00	695.818	0	0	773.131	0	0	-77.3131
Oahu	2045-12-23-00:00	607.902	0	0	675.447	0	0	-67.5447
Oahu	2045-12-23-02:00	572.415	0	0	636.017	0	0	-63.6017
Oahu	2045-12-23-04:00	610.93	0	0	678.812	0	0	-67.8812
Oahu	2045-12-23-06:00	735.543	0	0	817.27	0	0	-81.727
Oahu	2045-12-23-08:00	862.747	0	0	906.879	0	46.5556	-90.6879
Oahu	2045-12-23-10:00	1766.28	0	0	947.738	269.187	0	549.358
Oahu	2045-12-23-12:00	1982.47	0	0	948.471	0	1128.84	-94.8471
Oahu	2045-12-23-14:00	2375.13	0	0	942.747	995.277	158.054	279.057
Oahu	2045-12-23-16:00	1289.38	0	0	929.885	452.478	0	-92.9885
Oahu	2045-12-23-18:00	878.935	0	0	976.594	0	0	-97.6594
Oahu	2045-12-23-20:00	820.658	0	0	911.842	0	0	-91.1842
Oahu	2045-12-23-22:00	722.637	0	0	802.93	0	0	-80.293
