load_zone	timestamp	ZoneTotalCentralDispatch	ZoneTotalDistributedDispatch	UnservedLoad	zone_demand_mw	StorageNetCharge	ChargeEVs	ShiftDemand
Oahu	2020-01-23-00:00	553.876	0	0	532.599	15.439	5.83845	0
Oahu	2020-01-23-02:00	520.498	0	0	482.673	35.4202	2.40525	0
Oahu	2020-01-23-04:00	595.064	0	0	564.319	29.6413	1.10286	0
Oahu	2020-01-23-06:00	849.81	0	0	845.771	0	4.03911	0
Oahu	2020-01-23-08:00	934.02	0	0	918.921	0	15.0989	0
Oahu	2020-01-23-10:00	974.851	0	0	957.789	6.46576	10.5961	0
Oahu	2020-01-23-12:00	985.867	0	0	968.355	9.11825	8.39358	0
Oahu	2020-01-23-14:00	970.163	0	0	959.756	0	10.4074	0
Oahu	2020-01-23-16:00	965.3	0	0	952.049	0	13.2516	0
Oahu	2020-01-23-18:00	1073.23	0	0	1054.7	0	18.5269	0
Oahu	2020-01-23-20:00	942.902	0	0	926.331	0	16.5709	0
Oahu	2020-01-23-22:00	708.014	0	0	696.143	0	11.8707	0
Oahu	2020-02-23-00:00	613.994	0	0	572.736	35.4202	5.83845	0
Oahu	2020-02-23-02:00	539.892	0	0	502.067	35.4202	2.40525	0
Oahu	2020-02-23-04:00	528.907	0	0	518.145	9.66006	1.10286	0
Oahu	2020-02-23-06:00	651.629	0	0	647.59	0	4.03911	0
Oahu	2020-02-23-08:00	868.154	0	0	853.055	0	15.0989	0
Oahu	2020-02-23-10:00	948.522	0	0	937.926	0	10.5961	0
Oahu	2020-02-23-12:00	975.1	0	0	941.162	25.5441	8.39358	0
Oahu	2020-02-23-14:00	946.733	0	0	936.325	0	10.4074	0
Oahu	2020-02-23-16:00	965.449	0	0	952.197	0	13.2516	0
Oahu	2020-02-23-18:00	1029.61	0	0	1011.09	0	18.5269	0
Oahu	2020-02-23-20:00	940.1	0	0	923.53	0	16.5709	0
Oahu	2020-02-23-22:00	772.199	0	0	760.328	0	11.8707	0
Oahu	2020-03-23-00:00	602.192	0	0	568.836	27.5168	5.83845	0
Oahu	2020-03-23-02:00	541.265	0	0	503.439	35.4202	2.40525	0
Oahu	2020-03-23-04:00	517.647	0	0	516.544	0	1.10286	0
Oahu	2020-03-23-06:00	644.143	0	0	609.133	30.97	4.03911	0
Oahu	2020-03-23-08:00	810.819	0	0	795.72	0	15.0989	0
Oahu	2020-03-23-10:00	899.895	0	0	853.878	35.4202	10.5961	0
Oahu	2020-03-23-12:00	870.528	0	0	862.135	0	8.39358	0
Oahu	2020-03-23-14:00	873.339	0	0	858.041	4.89082	10.4074	0
Oahu	2020-03-23-16:00	887.107	0	0	873.856	0	13.2516	0
Oahu	2020-03-23-18:00	945.853	0	0	927.326	0	18.5269	0
Oahu	2020-03-23-20:00	900.992	0	0	884.422	0	16.5709	0
Oahu	2020-03-23-22:00	722.856	0	0	710.986	0	11.8707	0
Oahu	2020-04-23-00:00	559.876	0	0	543.073	10.9642	5.83845	0
Oahu	2020-04-23-02:00	529.417	0	0	492.896	34.1161	2.40525	0
Oahu	2020-04-23-04:00	597.298	0	0	560.775	35.4202	1.10286	0
Oahu	2020-04-23-06:00	824.641	0	0	820.602	0	4.03911	0
Oahu	2020-04-23-08:00	977.107	0	0	962.009	0	15.0989	0
Oahu	2020-04-23-10:00	1045.27	0	0	1028.95	5.72506	10.5961	0
Oahu	2020-04-23-12:00	1087.95	0	0	1052.35	27.2084	8.39358	0
Oahu	2020-04-23-14:00	1067.68	0	0	1057.27	0	10.4074	0
Oahu	2020-04-23-16:00	1057.62	0	0	1044.36	0	13.2516	0
Oahu	2020-04-23-18:00	1064.27	0	0	1045.75	0	18.5269	0
Oahu	2020-04-23-20:00	998.019	0	0	981.448	0	16.5709	0
Oahu	2020-04-23-22:00	745.441	0	0	733.57	0	11.8707	0
Oahu	2020-05-23-00:00	656.487	0	0	615.228	35.4202	5.83845	0
Oahu	2020-05-23-02:00	599.732	0	0	561.907	35.4202	2.40525	0
Oahu	2020-05-23-04:00	652.166	0	0	641.403	9.66006	1.10286	0
Oahu	2020-05-23-06:00	901.805	0	0	897.766	0	4.03911	0
Oahu	2020-05-23-08:00	1057.11	0	0	1042.01	0	15.0989	0
Oahu	2020-05-23-10:00	1110.68	0	0	1100.09	0	10.5961	0
Oahu	2020-05-23-12:00	1120.16	0	0	1111.76	0	8.39358	0
Oahu	2020-05-23-14:00	1108.87	0	0	1098.46	0	10.4074	0
Oahu	2020-05-23-16:00	1060.52	0	0	1047.27	0	13.2516	0
Oahu	2020-05-23-18:00	1037.26	0	0	1018.74	0	18.5269	0
Oahu	2020-05-23-20:00	983.977	0	0	967.406	0	16.5709	0
Oahu	2020-05-23-22:00	794.291	0	0	782.421	0	11.8707	0
Oahu	2020-06-23-00:00	636.396	0	0	595.137	35.4202	5.83845	0
Oahu	2020-06-23-02:00	543.774	0	0	541.369	0	2.40525	0
Oahu	2020-06-23-04:00	648.527	0	0	612.004	35.4202	1.10286	0
Oahu	2020-06-23-06:00	850.599	0	0	846.56	0	4.03911	0
Oahu	2020-06-23-08:00	1018.54	0	0	1003.44	0	15.0989	0
Oahu	2020-06-23-10:00	1094.47	0	0	1083.87	0	10.5961	0
Oahu	2020-06-23-12:00	1150.25	0	0	1106.43	35.4202	8.39358	0
Oahu	2020-06-23-14:00	1121.79	0	0	1108.46	2.92013	10.4074	0
Oahu	2020-06-23-16:00	1099.98	0	0	1080.96	5.77522	13.2516	0
Oahu	2020-06-23-18:00	1067.09	0	0	1048.56	0	18.5269	0
Oahu	2020-06-23-20:00	1047.06	0	0	1030.49	0	16.5709	0
Oahu	2020-06-23-22:00	809.889	0	0	798.018	0	11.8707	0
Oahu	2020-07-23-00:00	695.481	0	0	654.222	35.4202	5.83845	0
Oahu	2020-07-23-02:00	632.414	0	0	594.588	35.4202	2.40525	0
Oahu	2020-07-23-04:00	657.635	0	0	656.532	0	1.10286	0
Oahu	2020-07-23-06:00	889.833	0	0	885.794	0	4.03911	0
Oahu	2020-07-23-08:00	1047.24	0	0	1032.14	0	15.0989	0
Oahu	2020-07-23-10:00	1124.5	0	0	1113.9	0	10.5961	0
Oahu	2020-07-23-12:00	1174.31	0	0	1130.49	35.4202	8.39358	0
Oahu	2020-07-23-14:00	1134.81	0	0	1124.4	0	10.4074	0
Oahu	2020-07-23-16:00	1122	0	0	1108.74	0	13.2516	0
Oahu	2020-07-23-18:00	1091.71	0	0	1073.18	0	18.5269	0
Oahu	2020-07-23-20:00	1053.45	0	0	1036.87	0	16.5709	0
Oahu	2020-07-23-22:00	830.106	0	0	818.235	0	11.8707	0
Oahu	2020-08-23-00:00	651.141	0	0	645.303	0	5.83845	0
Oahu	2020-08-23-02:00	602.089	0	0	574.382	25.3013	2.40525	0
Oahu	2020-08-23-04:00	619.904	0	0	589.785	29.0159	1.10286	0
Oahu	2020-08-23-06:00	721.92	0	0	717.881	0	4.03911	0
Oahu	2020-08-23-08:00	948.299	0	0	933.169	0.0308768	15.0989	0
Oahu	2020-08-23-10:00	1024.18	0	0	1013.58	0	10.5961	0
Oahu	2020-08-23-12:00	1031.67	0	0	1019.81	3.46352	8.39358	0
Oahu	2020-08-23-14:00	1024.75	0	0	1013.73	0.614704	10.4074	0
Oahu	2020-08-23-16:00	1025.18	0	0	1004.92	7.00472	13.2516	0
Oahu	2020-08-23-18:00	1006.92	0	0	988.389	0	18.5269	0
Oahu	2020-08-23-20:00	972.851	0	0	956.28	0	16.5709	0
Oahu	2020-08-23-22:00	822.033	0	0	810.162	0	11.8707	0
Oahu	2020-09-23-00:00	643.645	0	0	602.387	35.4202	5.83845	0
Oahu	2020-09-23-02:00	579.263	0	0	555.937	20.9201	2.40525	0
Oahu	2020-09-23-04:00	667.181	0	0	641.918	24.1602	1.10286	0
Oahu	2020-09-23-06:00	896.957	0	0	892.918	0	4.03911	0
Oahu	2020-09-23-08:00	1042.5	0	0	1027.41	0	15.0989	0
Oahu	2020-09-23-10:00	1131.52	0	0	1085.51	35.4202	10.5961	0
Oahu	2020-09-23-12:00	1148.1	0	0	1112.56	27.1401	8.39358	0
Oahu	2020-09-23-14:00	1128.21	0	0	1114.02	3.79174	10.4074	0
Oahu	2020-09-23-16:00	1101.24	0	0	1087.99	0	13.2516	0
Oahu	2020-09-23-18:00	1156.85	0	0	1138.33	0	18.5269	0
Oahu	2020-09-23-20:00	1015.35	0	0	998.784	0	16.5709	0
Oahu	2020-09-23-22:00	773.388	0	0	761.517	0	11.8707	0
Oahu	2020-10-23-00:00	637.848	0	0	596.589	35.4202	5.83845	0
Oahu	2020-10-23-02:00	550.11	0	0	547.704	0	2.40525	0
Oahu	2020-10-23-04:00	650.196	0	0	613.673	35.4202	1.10286	0
Oahu	2020-10-23-06:00	864.653	0	0	860.614	0	4.03911	0
Oahu	2020-10-23-08:00	1001.94	0	0	986.846	0	15.0989	0
Oahu	2020-10-23-10:00	1077.75	0	0	1047.7	19.4515	10.5961	0
Oahu	2020-10-23-12:00	1093.23	0	0	1070.73	14.104	8.39358	0
Oahu	2020-10-23-14:00	1083.79	0	0	1065.16	8.22235	10.4074	0
Oahu	2020-10-23-16:00	1056.3	0	0	1043.05	0	13.2516	0
Oahu	2020-10-23-18:00	1120.9	0	0	1102.37	0	18.5269	0
Oahu	2020-10-23-20:00	984.754	0	0	968.183	0	16.5709	0
Oahu	2020-10-23-22:00	768.78	0	0	756.909	0	11.8707	0
Oahu	2020-11-23-00:00	555.635	0	0	549.797	0	5.83845	0
Oahu	2020-11-23-02:00	520.848	0	0	500.992	17.4505	2.40525	0
Oahu	2020-11-23-04:00	526.372	0	0	525.269	0	1.10286	0
Oahu	2020-11-23-06:00	628.942	0	0	624.903	0	4.03911	0
Oahu	2020-11-23-08:00	844.17	0	0	809.933	19.1374	15.0989	0
Oahu	2020-11-23-10:00	913.479	0	0	894.747	8.1356	10.5961	0
Oahu	2020-11-23-12:00	931.128	0	0	887.315	35.4202	8.39358	0
Oahu	2020-11-23-14:00	901.43	0	0	873.215	17.8073	10.4074	0
Oahu	2020-11-23-16:00	922.808	0	0	909.556	0	13.2516	0
Oahu	2020-11-23-18:00	1046.05	0	0	1027.52	0	18.5269	0
Oahu	2020-11-23-20:00	922.136	0	0	905.565	0	16.5709	0
Oahu	2020-11-23-22:00	753.696	0	0	713.902	27.9235	11.8707	0
Oahu	2020-12-23-00:00	596.487	0	0	555.229	35.4202	5.83845	0
Oahu	2020-12-23-02:00	529.006	0	0	491.181	35.4202	2.40525	0
Oahu	2020-12-23-04:00	566.08	0	0	560.695	4.28293	1.10286	0
Oahu	2020-12-23-06:00	789.639	0	0	785.6	0	4.03911	0
Oahu	2020-12-23-08:00	946.256	0	0	931.157	0	15.0989	0
Oahu	2020-12-23-10:00	1008.12	0	0	997.526	0	10.5961	0
Oahu	2020-12-23-12:00	1042.53	0	0	998.715	35.4202	8.39358	0
Oahu	2020-12-23-14:00	1035.25	0	0	989.418	35.4202	10.4074	0
Oahu	2020-12-23-16:00	981.778	0	0	968.527	0	13.2516	0
Oahu	2020-12-23-18:00	1062.93	0	0	1044.4	0	18.5269	0
Oahu	2020-12-23-20:00	955.789	0	0	939.218	0	16.5709	0
Oahu	2020-12-23-22:00	779.554	0	0	762.306	5.37713	11.8707	0
Oahu	2025-01-23-00:00	553.533	0	0	539.48	0	14.053	0
Oahu	2025-01-23-02:00	580.024	0	0	495.335	78.8992	5.78938	0
Oahu	2025-01-23-04:00	588.264	0	0	567.529	18.0812	2.65456	0
Oahu	2025-01-23-06:00	826.116	0	0	816.394	0	9.72205	0
Oahu	2025-01-23-08:00	917.418	0	0	881.075	0	36.3427	0
Oahu	2025-01-23-10:00	1016.48	0	0	915.443	75.5324	25.5045	0
Oahu	2025-01-23-12:00	1023.89	0	0	924.785	78.8992	20.2032	0
Oahu	2025-01-23-14:00	970.849	0	0	917.182	28.6167	25.0504	0
Oahu	2025-01-23-16:00	942.263	0	0	910.367	0	31.8964	0
Oahu	2025-01-23-18:00	1045.73	0	0	1001.13	0	44.5939	0
Oahu	2025-01-23-20:00	927.513	0	0	887.627	0	39.8859	0
Oahu	2025-01-23-22:00	712.662	0	0	684.09	0	28.5725	0
Oahu	2025-02-23-00:00	589.023	0	0	574.97	0	14.053	0
Oahu	2025-02-23-02:00	597.172	0	0	512.484	78.8992	5.78938	0
Oahu	2025-02-23-04:00	588.37	0	0	526.7	59.0154	2.65456	0
Oahu	2025-02-23-06:00	650.88	0	0	641.158	0	9.72205	0
Oahu	2025-02-23-08:00	859.177	0	0	822.835	0	36.3427	0
Oahu	2025-02-23-10:00	988.06	0	0	897.88	64.6757	25.5045	0
Oahu	2025-02-23-12:00	950.701	0	0	900.741	29.7568	20.2032	0
Oahu	2025-02-23-14:00	984.88	0	0	896.464	63.3656	25.0504	0
Oahu	2025-02-23-16:00	942.395	0	0	910.498	0	31.8964	0
Oahu	2025-02-23-18:00	1007.16	0	0	962.571	0	44.5939	0
Oahu	2025-02-23-20:00	925.036	0	0	885.15	0	39.8859	0
Oahu	2025-02-23-22:00	769.416	0	0	740.844	0	28.5725	0
Oahu	2025-03-23-00:00	595.801	0	0	571.522	10.2256	14.053	0
Oahu	2025-03-23-02:00	586.929	0	0	513.697	67.443	5.78938	0
Oahu	2025-03-23-04:00	527.939	0	0	525.284	0	2.65456	0
Oahu	2025-03-23-06:00	637.201	0	0	607.154	20.3244	9.72205	0
Oahu	2025-03-23-08:00	811.534	0	0	772.137	3.05369	36.3427	0
Oahu	2025-03-23-10:00	891.825	0	0	823.563	42.7581	25.5045	0
Oahu	2025-03-23-12:00	896.627	0	0	830.863	45.5613	20.2032	0
Oahu	2025-03-23-14:00	852.294	0	0	827.243	0	25.0504	0
Oahu	2025-03-23-16:00	909.486	0	0	841.227	36.363	31.8964	0
Oahu	2025-03-23-18:00	933.1	0	0	888.507	0	44.5939	0
Oahu	2025-03-23-20:00	890.455	0	0	850.57	0	39.8859	0
Oahu	2025-03-23-22:00	725.786	0	0	697.214	0	28.5725	0
Oahu	2025-04-23-00:00	614.941	0	0	548.742	52.1464	14.053	0
Oahu	2025-04-23-02:00	569.403	0	0	504.374	59.2395	5.78938	0
Oahu	2025-04-23-04:00	567.049	0	0	564.394	0	2.65456	0
Oahu	2025-04-23-06:00	803.861	0	0	794.139	0	9.72205	0
Oahu	2025-04-23-08:00	955.516	0	0	919.174	0	36.3427	0
Oahu	2025-04-23-10:00	1049.62	0	0	978.364	45.7489	25.5045	0
Oahu	2025-04-23-12:00	1098.15	0	0	999.052	78.8992	20.2032	0
Oahu	2025-04-23-14:00	1086.86	0	0	1003.41	58.4001	25.0504	0
Oahu	2025-04-23-16:00	1023.89	0	0	991.994	0	31.8964	0
Oahu	2025-04-23-18:00	1037.81	0	0	993.218	0	44.5939	0
Oahu	2025-04-23-20:00	976.248	0	0	936.363	0	39.8859	0
Oahu	2025-04-23-22:00	745.756	0	0	717.183	0	28.5725	0
Oahu	2025-05-23-00:00	644.532	0	0	612.543	17.9361	14.053	0
Oahu	2025-05-23-02:00	618.266	0	0	565.395	47.0812	5.78938	0
Oahu	2025-05-23-04:00	640.921	0	0	635.688	2.57904	2.65456	0
Oahu	2025-05-23-06:00	872.091	0	0	862.369	0	9.72205	0
Oahu	2025-05-23-08:00	1058.64	0	0	989.911	32.3816	36.3427	0
Oahu	2025-05-23-10:00	1091.16	0	0	1041.27	24.3884	25.5045	0
Oahu	2025-05-23-12:00	1135.31	0	0	1051.59	63.5134	20.2032	0
Oahu	2025-05-23-14:00	1070.01	0	0	1039.83	5.13136	25.0504	0
Oahu	2025-05-23-16:00	1026.46	0	0	994.562	0	31.8964	0
Oahu	2025-05-23-18:00	1013.93	0	0	969.335	0	44.5939	0
Oahu	2025-05-23-20:00	963.832	0	0	923.946	0	39.8859	0
Oahu	2025-05-23-22:00	788.951	0	0	760.378	0	28.5725	0
Oahu	2025-06-23-00:00	636.994	0	0	594.778	28.1631	14.053	0
Oahu	2025-06-23-02:00	553.025	0	0	547.235	0	5.78938	0
Oahu	2025-06-23-04:00	691.246	0	0	609.692	78.8992	2.65456	0
Oahu	2025-06-23-06:00	826.814	0	0	817.092	0	9.72205	0
Oahu	2025-06-23-08:00	1051.25	0	0	955.806	59.1016	36.3427	0
Oahu	2025-06-23-10:00	1052.43	0	0	1026.93	0	25.5045	0
Oahu	2025-06-23-12:00	1124.32	0	0	1046.88	57.2358	20.2032	0
Oahu	2025-06-23-14:00	1073.72	0	0	1048.67	0	25.0504	0
Oahu	2025-06-23-16:00	1056.82	0	0	1024.35	0.57846	31.8964	0
Oahu	2025-06-23-18:00	1040.3	0	0	995.705	0	44.5939	0
Oahu	2025-06-23-20:00	1019.62	0	0	979.729	0	39.8859	0
Oahu	2025-06-23-22:00	802.742	0	0	774.17	0	28.5725	0
Oahu	2025-07-23-00:00	739.975	0	0	647.022	78.8992	14.053	0
Oahu	2025-07-23-02:00	678.981	0	0	594.293	78.8992	5.78938	0
Oahu	2025-07-23-04:00	651.719	0	0	649.065	0	2.65456	0
Oahu	2025-07-23-06:00	861.505	0	0	851.783	0	9.72205	0
Oahu	2025-07-23-08:00	1067.87	0	0	981.185	50.3419	36.3427	0
Oahu	2025-07-23-10:00	1088.18	0	0	1053.48	9.19081	25.5045	0
Oahu	2025-07-23-12:00	1139.85	0	0	1068.15	51.4982	20.2032	0
Oahu	2025-07-23-14:00	1161.93	0	0	1062.76	74.1166	25.0504	0
Oahu	2025-07-23-16:00	1080.82	0	0	1048.92	0	31.8964	0
Oahu	2025-07-23-18:00	1062.07	0	0	1017.47	0	44.5939	0
Oahu	2025-07-23-20:00	1025.26	0	0	985.371	0	39.8859	0
Oahu	2025-07-23-22:00	820.619	0	0	792.046	0	28.5725	0
Oahu	2025-08-23-00:00	678.945	0	0	639.136	25.756	14.053	0
Oahu	2025-08-23-02:00	582.216	0	0	576.426	0	5.78938	0
Oahu	2025-08-23-04:00	592.701	0	0	590.046	0	2.65456	0
Oahu	2025-08-23-06:00	713.033	0	0	703.311	0	9.72205	0
Oahu	2025-08-23-08:00	1008.23	0	0	893.673	78.2123	36.3427	0
Oahu	2025-08-23-10:00	1004.71	0	0	964.775	14.4317	25.5045	0
Oahu	2025-08-23-12:00	1004.97	0	0	970.285	14.48	20.2032	0
Oahu	2025-08-23-14:00	1066.19	0	0	964.906	76.2283	25.0504	0
Oahu	2025-08-23-16:00	990.812	0	0	957.121	1.79523	31.8964	0
Oahu	2025-08-23-18:00	987.094	0	0	942.5	0	44.5939	0
Oahu	2025-08-23-20:00	953.994	0	0	914.108	0	39.8859	0
Oahu	2025-08-23-22:00	813.48	0	0	784.908	0	28.5725	0
Oahu	2025-09-23-00:00	662.581	0	0	601.189	47.3398	14.053	0
Oahu	2025-09-23-02:00	575.436	0	0	560.117	9.52974	5.78938	0
Oahu	2025-09-23-04:00	671.586	0	0	636.143	32.7887	2.65456	0
Oahu	2025-09-23-06:00	867.804	0	0	858.082	0	9.72205	0
Oahu	2025-09-23-08:00	1051.41	0	0	976.999	38.068	36.3427	0
Oahu	2025-09-23-10:00	1119.86	0	0	1028.37	65.9834	25.5045	0
Oahu	2025-09-23-12:00	1072.5	0	0	1052.3	0	20.2032	0
Oahu	2025-09-23-14:00	1148.68	0	0	1053.58	70.0441	25.0504	0
Oahu	2025-09-23-16:00	1111.15	0	0	1030.57	48.6807	31.8964	0
Oahu	2025-09-23-18:00	1119.67	0	0	1075.08	0	44.5939	0
Oahu	2025-09-23-20:00	991.577	0	0	951.691	0	39.8859	0
Oahu	2025-09-23-22:00	770.468	0	0	741.895	0	28.5725	0
Oahu	2025-10-23-00:00	676.337	0	0	596.062	66.222	14.053	0
Oahu	2025-10-23-02:00	558.626	0	0	552.837	0	5.78938	0
Oahu	2025-10-23-04:00	637.601	0	0	611.168	23.7782	2.65456	0
Oahu	2025-10-23-06:00	839.24	0	0	829.518	0	9.72205	0
Oahu	2025-10-23-08:00	983.396	0	0	941.135	5.9178	36.3427	0
Oahu	2025-10-23-10:00	1093.35	0	0	994.946	72.8963	25.5045	0
Oahu	2025-10-23-12:00	1108.83	0	0	1015.31	73.3211	20.2032	0
Oahu	2025-10-23-14:00	1059.91	0	0	1010.39	24.4709	25.0504	0
Oahu	2025-10-23-16:00	1022.73	0	0	990.831	0	31.8964	0
Oahu	2025-10-23-18:00	1087.88	0	0	1043.29	0	44.5939	0
Oahu	2025-10-23-20:00	964.519	0	0	924.634	0	39.8859	0
Oahu	2025-10-23-22:00	766.393	0	0	737.82	0	28.5725	0
Oahu	2025-11-23-00:00	568.74	0	0	554.687	0	14.053	0
Oahu	2025-11-23-02:00	535.848	0	0	511.533	18.5253	5.78938	0
Oahu	2025-11-23-04:00	535.654	0	0	532.999	0	2.65456	0
Oahu	2025-11-23-06:00	630.819	0	0	621.097	0	9.72205	0
Oahu	2025-11-23-08:00	827.854	0	0	784.706	6.80518	36.3427	0
Oahu	2025-11-23-10:00	922.498	0	0	859.7	37.2937	25.5045	0
Oahu	2025-11-23-12:00	952.23	0	0	853.128	78.8992	20.2032	0
Oahu	2025-11-23-14:00	927.86	0	0	840.661	62.1494	25.0504	0
Oahu	2025-11-23-16:00	904.69	0	0	872.794	0	31.8964	0
Oahu	2025-11-23-18:00	1021.69	0	0	977.1	0	44.5939	0
Oahu	2025-11-23-20:00	930.184	0	0	869.265	21.0328	39.8859	0
Oahu	2025-11-23-22:00	754.757	0	0	699.792	26.3926	28.5725	0
Oahu	2025-12-23-00:00	624.002	0	0	559.49	50.4583	14.053	0
Oahu	2025-12-23-02:00	587.546	0	0	502.858	78.8992	5.78938	0
Oahu	2025-12-23-04:00	566.978	0	0	564.323	0	2.65456	0
Oahu	2025-12-23-06:00	772.911	0	0	763.189	0	9.72205	0
Oahu	2025-12-23-08:00	928.236	0	0	891.894	0	36.3427	0
Oahu	2025-12-23-10:00	979.732	0	0	950.579	3.64845	25.5045	0
Oahu	2025-12-23-12:00	1050.73	0	0	951.63	78.8992	20.2032	0
Oahu	2025-12-23-14:00	1043.59	0	0	943.41	75.1287	25.0504	0
Oahu	2025-12-23-16:00	956.833	0	0	924.937	0	31.8964	0
Oahu	2025-12-23-18:00	1036.62	0	0	992.024	0	44.5939	0
Oahu	2025-12-23-20:00	938.908	0	0	899.022	0	39.8859	0
Oahu	2025-12-23-22:00	774.558	0	0	742.593	3.39268	28.5725	0
Oahu	2030-01-23-00:00	633.724	0	0	608.605	0	25.1189	0
Oahu	2030-01-23-02:00	605.884	0	0	579.781	15.7549	10.3482	0
Oahu	2030-01-23-04:00	631.664	0	0	626.919	0	4.74487	0
Oahu	2030-01-23-06:00	806.792	0	0	789.415	0	17.3776	0
Oahu	2030-01-23-08:00	928.894	0	0	831.648	32.2854	64.9603	0
Oahu	2030-01-23-10:00	1124.1	0	0	854.088	224.427	45.5877	0
Oahu	2030-01-23-12:00	1120.73	0	0	860.188	224.427	36.1119	0
Oahu	2030-01-23-14:00	1047.46	0	0	855.224	147.464	44.7761	0
Oahu	2030-01-23-16:00	935.591	0	0	850.774	27.8043	57.0129	0
Oahu	2030-01-23-18:00	989.749	0	0	910.04	0	79.709	0
Oahu	2030-01-23-20:00	907.22	0	0	835.926	0	71.2936	0
Oahu	2030-01-23-22:00	754.099	0	0	703.027	0	51.0716	0
Oahu	2030-02-23-00:00	670.735	0	0	631.778	13.8378	25.1189	0
Oahu	2030-02-23-02:00	715.019	0	0	590.978	113.694	10.3482	0
Oahu	2030-02-23-04:00	605.005	0	0	600.26	0	4.74487	0
Oahu	2030-02-23-06:00	692.373	0	0	674.995	0	17.3776	0
Oahu	2030-02-23-08:00	901.368	0	0	793.62	42.7873	64.9603	0
Oahu	2030-02-23-10:00	1083.63	0	0	842.62	195.424	45.5877	0
Oahu	2030-02-23-12:00	1019.39	0	0	844.489	138.789	36.1119	0
Oahu	2030-02-23-14:00	1097.96	0	0	841.696	211.485	44.7761	0
Oahu	2030-02-23-16:00	946.396	0	0	850.86	38.5231	57.0129	0
Oahu	2030-02-23-18:00	964.569	0	0	884.86	0	79.709	0
Oahu	2030-02-23-20:00	905.602	0	0	834.308	0	71.2936	0
Oahu	2030-02-23-22:00	791.156	0	0	740.084	0	51.0716	0
Oahu	2030-03-23-00:00	654.646	0	0	629.527	0	25.1189	0
Oahu	2030-03-23-02:00	602.118	0	0	591.77	0	10.3482	0
Oahu	2030-03-23-04:00	604.081	0	0	599.336	0	4.74487	0
Oahu	2030-03-23-06:00	670.17	0	0	652.792	0	17.3776	0
Oahu	2030-03-23-08:00	934.065	0	0	760.518	108.587	64.9603	0
Oahu	2030-03-23-10:00	1029.96	0	0	794.096	190.28	45.5877	0
Oahu	2030-03-23-12:00	965.781	0	0	798.862	130.807	36.1119	0
Oahu	2030-03-23-14:00	999.634	0	0	796.499	158.359	44.7761	0
Oahu	2030-03-23-16:00	955.872	0	0	805.629	93.2304	57.0129	0
Oahu	2030-03-23-18:00	916.209	0	0	836.5	0	79.709	0
Oahu	2030-03-23-20:00	883.023	0	0	811.729	0	71.2936	0
Oahu	2030-03-23-22:00	762.668	0	0	711.597	0	51.0716	0
Oahu	2030-04-23-00:00	650.941	0	0	614.653	11.17	25.1189	0
Oahu	2030-04-23-02:00	605.403	0	0	585.683	9.37224	10.3482	0
Oahu	2030-04-23-04:00	629.617	0	0	624.872	0	4.74487	0
Oahu	2030-04-23-06:00	792.261	0	0	774.884	0	17.3776	0
Oahu	2030-04-23-08:00	977.569	0	0	856.524	56.0848	64.9603	0
Oahu	2030-04-23-10:00	1143.9	0	0	895.172	203.14	45.5877	0
Oahu	2030-04-23-12:00	1169.22	0	0	908.68	224.427	36.1119	0
Oahu	2030-04-23-14:00	1148.37	0	0	911.526	192.064	44.7761	0
Oahu	2030-04-23-16:00	966.633	0	0	904.072	5.54834	57.0129	0
Oahu	2030-04-23-18:00	984.58	0	0	904.871	0	79.709	0
Oahu	2030-04-23-20:00	939.041	0	0	867.748	0	71.2936	0
Oahu	2030-04-23-22:00	775.707	0	0	724.636	0	51.0716	0
Oahu	2030-05-23-00:00	681.43	0	0	656.311	0	25.1189	0
Oahu	2030-05-23-02:00	635.874	0	0	625.526	0	10.3482	0
Oahu	2030-05-23-04:00	676.168	0	0	671.423	0	4.74487	0
Oahu	2030-05-23-06:00	836.812	0	0	819.434	0	17.3776	0
Oahu	2030-05-23-08:00	1111.18	0	0	902.712	143.512	64.9603	0
Oahu	2030-05-23-10:00	1131.24	0	0	936.244	149.411	45.5877	0
Oahu	2030-05-23-12:00	1182.69	0	0	942.984	203.597	36.1119	0
Oahu	2030-05-23-14:00	1091.1	0	0	935.306	111.019	44.7761	0
Oahu	2030-05-23-16:00	987.033	0	0	905.749	24.271	57.0129	0
Oahu	2030-05-23-18:00	968.986	0	0	889.277	0	79.709	0
Oahu	2030-05-23-20:00	930.934	0	0	859.64	0	71.2936	0
Oahu	2030-05-23-22:00	803.911	0	0	752.839	0	51.0716	0
Oahu	2030-06-23-00:00	669.83	0	0	644.712	0	25.1189	0
Oahu	2030-06-23-02:00	657.136	0	0	613.669	33.1195	10.3482	0
Oahu	2030-06-23-04:00	692.4	0	0	654.45	33.2055	4.74487	0
Oahu	2030-06-23-06:00	807.248	0	0	789.87	0	17.3776	0
Oahu	2030-06-23-08:00	1023.9	0	0	880.443	78.5008	64.9603	0
Oahu	2030-06-23-10:00	1137.09	0	0	926.882	164.622	45.5877	0
Oahu	2030-06-23-12:00	1200.45	0	0	939.908	224.427	36.1119	0
Oahu	2030-06-23-14:00	1172.39	0	0	941.076	186.54	44.7761	0
Oahu	2030-06-23-16:00	1009.39	0	0	925.198	27.1749	57.0129	0
Oahu	2030-06-23-18:00	986.204	0	0	906.495	0	79.709	0
Oahu	2030-06-23-20:00	967.357	0	0	896.064	0	71.2936	0
Oahu	2030-06-23-22:00	812.916	0	0	761.845	0	51.0716	0
Oahu	2030-07-23-00:00	775.171	0	0	678.824	71.2276	25.1189	0
Oahu	2030-07-23-02:00	708.853	0	0	644.395	54.1098	10.3482	0
Oahu	2030-07-23-04:00	684.903	0	0	680.158	0	4.74487	0
Oahu	2030-07-23-06:00	829.899	0	0	812.522	0	17.3776	0
Oahu	2030-07-23-08:00	967.247	0	0	897.014	5.2719	64.9603	0
Oahu	2030-07-23-10:00	1185.24	0	0	944.219	195.431	45.5877	0
Oahu	2030-07-23-12:00	1207.62	0	0	953.798	217.707	36.1119	0
Oahu	2030-07-23-14:00	1086.47	0	0	950.28	91.4175	44.7761	0
Oahu	2030-07-23-16:00	1110.14	0	0	941.241	111.887	57.0129	0
Oahu	2030-07-23-18:00	1000.42	0	0	920.709	0	79.709	0
Oahu	2030-07-23-20:00	971.041	0	0	899.748	0	71.2936	0
Oahu	2030-07-23-22:00	824.589	0	0	773.517	0	51.0716	0
Oahu	2030-08-23-00:00	698.794	0	0	673.675	0	25.1189	0
Oahu	2030-08-23-02:00	643.077	0	0	632.729	0	10.3482	0
Oahu	2030-08-23-04:00	646.367	0	0	641.622	0	4.74487	0
Oahu	2030-08-23-06:00	732.955	0	0	715.578	0	17.3776	0
Oahu	2030-08-23-08:00	988.429	0	0	839.874	83.5946	64.9603	0
Oahu	2030-08-23-10:00	1068.04	0	0	886.299	136.157	45.5877	0
Oahu	2030-08-23-12:00	1141.42	0	0	889.897	215.408	36.1119	0
Oahu	2030-08-23-14:00	1041.54	0	0	886.385	110.377	44.7761	0
Oahu	2030-08-23-16:00	1066.81	0	0	881.302	128.495	57.0129	0
Oahu	2030-08-23-18:00	951.464	0	0	871.755	0	79.709	0
Oahu	2030-08-23-20:00	924.51	0	0	853.217	0	71.2936	0
Oahu	2030-08-23-22:00	819.928	0	0	768.856	0	51.0716	0
Oahu	2030-09-23-00:00	674.016	0	0	648.897	0	25.1189	0
Oahu	2030-09-23-02:00	632.428	0	0	622.08	0	10.3482	0
Oahu	2030-09-23-04:00	676.465	0	0	671.72	0	4.74487	0
Oahu	2030-09-23-06:00	834.012	0	0	816.635	0	17.3776	0
Oahu	2030-09-23-08:00	1052.29	0	0	894.281	93.0493	64.9603	0
Oahu	2030-09-23-10:00	1077.15	0	0	927.826	103.737	45.5877	0
Oahu	2030-09-23-12:00	1184.26	0	0	943.446	204.702	36.1119	0
Oahu	2030-09-23-14:00	1160.69	0	0	944.285	171.624	44.7761	0
Oahu	2030-09-23-16:00	1092.9	0	0	929.259	106.63	57.0129	0
Oahu	2030-09-23-18:00	1038.03	0	0	958.321	0	79.709	0
Oahu	2030-09-23-20:00	949.05	0	0	877.756	0	71.2936	0
Oahu	2030-09-23-22:00	791.843	0	0	740.771	0	51.0716	0
Oahu	2030-10-23-00:00	673.324	0	0	645.55	2.65524	25.1189	0
Oahu	2030-10-23-02:00	637.618	0	0	617.326	9.94393	10.3482	0
Oahu	2030-10-23-04:00	660.158	0	0	655.413	0	4.74487	0
Oahu	2030-10-23-06:00	815.362	0	0	797.984	0	17.3776	0
Oahu	2030-10-23-08:00	1035.5	0	0	870.864	99.6775	64.9603	0
Oahu	2030-10-23-10:00	1158.21	0	0	906	206.623	45.5877	0
Oahu	2030-10-23-12:00	1172.66	0	0	919.296	217.255	36.1119	0
Oahu	2030-10-23-14:00	1118.48	0	0	916.081	157.625	44.7761	0
Oahu	2030-10-23-16:00	960.409	0	0	903.313	0.0833914	57.0129	0
Oahu	2030-10-23-18:00	1017.27	0	0	937.564	0	79.709	0
Oahu	2030-10-23-20:00	931.383	0	0	860.089	0	71.2936	0
Oahu	2030-10-23-22:00	789.182	0	0	738.11	0	51.0716	0
Oahu	2030-11-23-00:00	643.653	0	0	618.535	0	25.1189	0
Oahu	2030-11-23-02:00	600.705	0	0	590.357	0	10.3482	0
Oahu	2030-11-23-04:00	609.118	0	0	604.373	0	4.74487	0
Oahu	2030-11-23-06:00	679.274	0	0	661.897	0	17.3776	0
Oahu	2030-11-23-08:00	933.635	0	0	768.724	99.9511	64.9603	0
Oahu	2030-11-23-10:00	1015.3	0	0	817.691	152.023	45.5877	0
Oahu	2030-11-23-12:00	1073.94	0	0	813.4	224.427	36.1119	0
Oahu	2030-11-23-14:00	1052.59	0	0	805.26	202.558	44.7761	0
Oahu	2030-11-23-16:00	885.559	0	0	826.241	2.30496	57.0129	0
Oahu	2030-11-23-18:00	974.056	0	0	894.347	0	79.709	0
Oahu	2030-11-23-20:00	895.23	0	0	823.937	0	71.2936	0
Oahu	2030-11-23-22:00	764.352	0	0	713.28	0	51.0716	0
Oahu	2030-12-23-00:00	646.789	0	0	621.67	0	25.1189	0
Oahu	2030-12-23-02:00	595.041	0	0	584.693	0	10.3482	0
Oahu	2030-12-23-04:00	629.571	0	0	624.826	0	4.74487	0
Oahu	2030-12-23-06:00	772.052	0	0	754.675	0	17.3776	0
Oahu	2030-12-23-08:00	903.672	0	0	838.712	0	64.9603	0
Oahu	2030-12-23-10:00	1062.53	0	0	877.03	139.912	45.5877	0
Oahu	2030-12-23-12:00	1085.41	0	0	877.717	171.584	36.1119	0
Oahu	2030-12-23-14:00	1141.55	0	0	872.349	224.427	44.7761	0
Oahu	2030-12-23-16:00	994.923	0	0	860.287	77.6227	57.0129	0
Oahu	2030-12-23-18:00	983.801	0	0	904.092	0	79.709	0
Oahu	2030-12-23-20:00	914.66	0	0	843.366	0	71.2936	0
Oahu	2030-12-23-22:00	792.298	0	0	741.227	0	51.0716	0
Oahu	2035-01-23-00:00	656.956	0	0	618.938	0	38.0178	0
Oahu	2035-01-23-02:00	614.141	0	0	589.148	9.33055	15.6621	0
Oahu	2035-01-23-04:00	645.046	0	0	637.865	0	7.18142	0
Oahu	2035-01-23-06:00	832.101	0	0	805.8	0	26.3012	0
Oahu	2035-01-23-08:00	1008.45	0	0	849.447	60.686	98.3183	0
Oahu	2035-01-23-10:00	1227.42	0	0	872.639	285.782	68.9976	0
Oahu	2035-01-23-12:00	1210.67	0	0	878.943	277.073	54.6559	0
Oahu	2035-01-23-14:00	1136.91	0	0	873.812	195.325	67.7692	0
Oahu	2035-01-23-16:00	1012.13	0	0	869.213	56.6258	86.2897	0
Oahu	2035-01-23-18:00	1051.1	0	0	930.464	0	120.641	0
Oahu	2035-01-23-20:00	961.772	0	0	853.868	0	107.904	0
Oahu	2035-01-23-22:00	793.818	0	0	716.521	0	77.2976	0
Oahu	2035-02-23-00:00	680.904	0	0	642.887	0	38.0178	0
Oahu	2035-02-23-02:00	715.019	0	0	600.72	98.637	15.6621	0
Oahu	2035-02-23-04:00	617.495	0	0	610.313	0	7.18142	0
Oahu	2035-02-23-06:00	713.851	0	0	687.55	0	26.3012	0
Oahu	2035-02-23-08:00	976.579	0	0	810.146	68.1143	98.3183	0
Oahu	2035-02-23-10:00	1170.83	0	0	860.787	241.043	68.9976	0
Oahu	2035-02-23-12:00	1162.45	0	0	862.718	245.072	54.6559	0
Oahu	2035-02-23-14:00	1213.38	0	0	859.832	285.782	67.7692	0
Oahu	2035-02-23-16:00	1046.26	0	0	869.302	90.6689	86.2897	0
Oahu	2035-02-23-18:00	1025.08	0	0	904.441	0	120.641	0
Oahu	2035-02-23-20:00	960.101	0	0	852.197	0	107.904	0
Oahu	2035-02-23-22:00	832.116	0	0	754.819	0	77.2976	0
Oahu	2035-03-23-00:00	678.578	0	0	640.56	0	38.0178	0
Oahu	2035-03-23-02:00	617.201	0	0	601.539	0	15.6621	0
Oahu	2035-03-23-04:00	616.54	0	0	609.358	0	7.18142	0
Oahu	2035-03-23-06:00	690.906	0	0	664.604	0	26.3012	0
Oahu	2035-03-23-08:00	1533.27	0	0	775.936	659.016	98.3183	0
Oahu	2035-03-23-10:00	1559.82	0	0	810.638	680.183	68.9976	0
Oahu	2035-03-23-12:00	1542.51	0	0	815.564	672.295	54.6559	0
Oahu	2035-03-23-14:00	1301.57	0	0	813.121	420.683	67.7692	0
Oahu	2035-03-23-16:00	1613.7	0	0	822.558	704.857	86.2897	0
Oahu	2035-03-23-18:00	975.103	0	0	854.462	0	120.641	0
Oahu	2035-03-23-20:00	936.766	0	0	828.862	0	107.904	0
Oahu	2035-03-23-22:00	802.675	0	0	725.377	0	77.2976	0
Oahu	2035-04-23-00:00	663.205	0	0	625.188	0	38.0178	0
Oahu	2035-04-23-02:00	610.91	0	0	595.248	0	15.6621	0
Oahu	2035-04-23-04:00	642.931	0	0	635.75	0	7.18142	0
Oahu	2035-04-23-06:00	817.084	0	0	790.783	0	26.3012	0
Oahu	2035-04-23-08:00	1084.92	0	0	875.156	111.445	98.3183	0
Oahu	2035-04-23-10:00	1261.81	0	0	915.098	277.714	68.9976	0
Oahu	2035-04-23-12:00	1226.4	0	0	929.058	242.682	54.6559	0
Oahu	2035-04-23-14:00	1243.97	0	0	931.999	244.2	67.7692	0
Oahu	2035-04-23-16:00	1065.22	0	0	924.296	54.6394	86.2897	0
Oahu	2035-04-23-18:00	1045.76	0	0	925.121	0	120.641	0
Oahu	2035-04-23-20:00	994.659	0	0	886.755	0	107.904	0
Oahu	2035-04-23-22:00	816.15	0	0	738.853	0	77.2976	0
Oahu	2035-05-23-00:00	706.259	0	0	668.241	0	38.0178	0
Oahu	2035-05-23-02:00	652.087	0	0	636.425	0	15.6621	0
Oahu	2035-05-23-04:00	691.04	0	0	683.859	0	7.18142	0
Oahu	2035-05-23-06:00	863.126	0	0	836.825	0	26.3012	0
Oahu	2035-05-23-08:00	1218.98	0	0	922.89	197.768	98.3183	0
Oahu	2035-05-23-10:00	1252.62	0	0	957.544	226.081	68.9976	0
Oahu	2035-05-23-12:00	1304.95	0	0	964.511	285.782	54.6559	0
Oahu	2035-05-23-14:00	1192.34	0	0	956.576	167.998	67.7692	0
Oahu	2035-05-23-16:00	1048.79	0	0	926.029	36.4734	86.2897	0
Oahu	2035-05-23-18:00	1029.65	0	0	909.005	0	120.641	0
Oahu	2035-05-23-20:00	986.281	0	0	878.377	0	107.904	0
Oahu	2035-05-23-22:00	845.298	0	0	768.001	0	77.2976	0
Oahu	2035-06-23-00:00	694.271	0	0	656.253	0	38.0178	0
Oahu	2035-06-23-02:00	657.136	0	0	624.171	17.3034	15.6621	0
Oahu	2035-06-23-04:00	692.4	0	0	666.317	18.9016	7.18142	0
Oahu	2035-06-23-06:00	832.572	0	0	806.271	0	26.3012	0
Oahu	2035-06-23-08:00	1075.9	0	0	899.876	77.7054	98.3183	0
Oahu	2035-06-23-10:00	1246.61	0	0	947.869	229.744	68.9976	0
Oahu	2035-06-23-12:00	1301.77	0	0	961.331	285.782	54.6559	0
Oahu	2035-06-23-14:00	1294.21	0	0	962.539	263.903	67.7692	0
Oahu	2035-06-23-16:00	1105.97	0	0	946.13	73.5458	86.2897	0
Oahu	2035-06-23-18:00	1047.44	0	0	926.8	0	120.641	0
Oahu	2035-06-23-20:00	1023.92	0	0	916.019	0	107.904	0
Oahu	2035-06-23-22:00	854.605	0	0	777.307	0	77.2976	0
Oahu	2035-07-23-00:00	775.171	0	0	691.508	45.6453	38.0178	0
Oahu	2035-07-23-02:00	708.853	0	0	655.925	37.265	15.6621	0
Oahu	2035-07-23-04:00	700.067	0	0	692.886	0	7.18142	0
Oahu	2035-07-23-06:00	855.982	0	0	829.681	0	26.3012	0
Oahu	2035-07-23-08:00	1019.52	0	0	917.002	4.19462	98.3183	0
Oahu	2035-07-23-10:00	1284.82	0	0	965.787	250.036	68.9976	0
Oahu	2035-07-23-12:00	1292.72	0	0	975.687	262.379	54.6559	0
Oahu	2035-07-23-14:00	1184.43	0	0	972.05	144.606	67.7692	0
Oahu	2035-07-23-16:00	1249.31	0	0	962.71	200.313	86.2897	0
Oahu	2035-07-23-18:00	1062.13	0	0	941.49	0	120.641	0
Oahu	2035-07-23-20:00	1027.73	0	0	919.827	0	107.904	0
Oahu	2035-07-23-22:00	866.668	0	0	789.37	0	77.2976	0
Oahu	2035-08-23-00:00	724.203	0	0	686.186	0	38.0178	0
Oahu	2035-08-23-02:00	659.531	0	0	643.869	0	15.6621	0
Oahu	2035-08-23-04:00	660.241	0	0	653.06	0	7.18142	0
Oahu	2035-08-23-06:00	755.793	0	0	729.491	0	26.3012	0
Oahu	2035-08-23-08:00	1172.34	0	0	857.949	216.072	98.3183	0
Oahu	2035-08-23-10:00	1158.54	0	0	905.928	183.611	68.9976	0
Oahu	2035-08-23-12:00	1250.08	0	0	909.647	285.782	54.6559	0
Oahu	2035-08-23-14:00	1194.09	0	0	906.017	220.305	67.7692	0
Oahu	2035-08-23-16:00	1010.49	0	0	900.763	23.437	86.2897	0
Oahu	2035-08-23-18:00	1011.54	0	0	890.897	0	120.641	0
Oahu	2035-08-23-20:00	979.642	0	0	871.738	0	107.904	0
Oahu	2035-08-23-22:00	861.851	0	0	784.553	0	77.2976	0
Oahu	2035-09-23-00:00	698.597	0	0	660.579	0	38.0178	0
Oahu	2035-09-23-02:00	648.526	0	0	632.864	0	15.6621	0
Oahu	2035-09-23-04:00	691.347	0	0	684.166	0	7.18142	0
Oahu	2035-09-23-06:00	860.233	0	0	833.932	0	26.3012	0
Oahu	2035-09-23-08:00	1145.07	0	0	914.177	132.575	98.3183	0
Oahu	2035-09-23-10:00	1160.51	0	0	948.845	142.667	68.9976	0
Oahu	2035-09-23-12:00	1305.43	0	0	964.988	285.782	54.6559	0
Oahu	2035-09-23-14:00	1244.37	0	0	965.855	210.742	67.7692	0
Oahu	2035-09-23-16:00	1195.53	0	0	950.326	158.913	86.2897	0
Oahu	2035-09-23-18:00	1101	0	0	980.361	0	120.641	0
Oahu	2035-09-23-20:00	1005	0	0	897.099	0	107.904	0
Oahu	2035-09-23-22:00	832.826	0	0	755.528	0	77.2976	0
Oahu	2035-10-23-00:00	695.137	0	0	657.119	0	38.0178	0
Oahu	2035-10-23-02:00	643.613	0	0	627.951	0	15.6621	0
Oahu	2035-10-23-04:00	674.495	0	0	667.313	0	7.18142	0
Oahu	2035-10-23-06:00	840.958	0	0	814.656	0	26.3012	0
Oahu	2035-10-23-08:00	1118.52	0	0	889.976	130.222	98.3183	0
Oahu	2035-10-23-10:00	1281.07	0	0	926.288	285.782	68.9976	0
Oahu	2035-10-23-12:00	1615.94	0	0	940.03	621.257	54.6559	0
Oahu	2035-10-23-14:00	1245.58	0	0	936.707	241.101	67.7692	0
Oahu	2035-10-23-16:00	1009.8	0	0	923.511	0	86.2897	0
Oahu	2035-10-23-18:00	1079.55	0	0	958.909	0	120.641	0
Oahu	2035-10-23-20:00	986.745	0	0	878.841	0	107.904	0
Oahu	2035-10-23-22:00	830.076	0	0	752.778	0	77.2976	0
Oahu	2035-11-23-00:00	667.217	0	0	629.2	0	38.0178	0
Oahu	2035-11-23-02:00	615.741	0	0	600.079	0	15.6621	0
Oahu	2035-11-23-04:00	621.746	0	0	614.564	0	7.18142	0
Oahu	2035-11-23-06:00	700.315	0	0	674.013	0	26.3012	0
Oahu	2035-11-23-08:00	1022.9	0	0	784.417	140.169	98.3183	0
Oahu	2035-11-23-10:00	1129	0	0	835.023	224.976	68.9976	0
Oahu	2035-11-23-12:00	1171.03	0	0	830.588	285.782	54.6559	0
Oahu	2035-11-23-14:00	1141	0	0	822.175	251.057	67.7692	0
Oahu	2035-11-23-16:00	958.845	0	0	843.859	28.6966	86.2897	0
Oahu	2035-11-23-18:00	1034.89	0	0	914.246	0	120.641	0
Oahu	2035-11-23-20:00	949.382	0	0	841.478	0	107.904	0
Oahu	2035-11-23-22:00	804.415	0	0	727.117	0	77.2976	0
Oahu	2035-12-23-00:00	670.458	0	0	632.441	0	38.0178	0
Oahu	2035-12-23-02:00	609.887	0	0	594.225	0	15.6621	0
Oahu	2035-12-23-04:00	642.883	0	0	635.702	0	7.18142	0
Oahu	2035-12-23-06:00	796.199	0	0	769.897	0	26.3012	0
Oahu	2035-12-23-08:00	955.066	0	0	856.748	0	98.3183	0
Oahu	2035-12-23-10:00	1151.75	0	0	896.349	186.4	68.9976	0
Oahu	2035-12-23-12:00	1197.06	0	0	897.058	245.342	54.6559	0
Oahu	2035-12-23-14:00	1245.06	0	0	891.511	285.782	67.7692	0
Oahu	2035-12-23-16:00	1090.97	0	0	879.046	125.63	86.2897	0
Oahu	2035-12-23-18:00	1044.96	0	0	924.316	0	120.641	0
Oahu	2035-12-23-20:00	969.462	0	0	861.558	0	107.904	0
Oahu	2035-12-23-22:00	833.296	0	0	755.999	0	77.2976	0
Oahu	2040-01-23-00:00	698.923	0	0	647.395	0	51.5278	0
Oahu	2040-01-23-02:00	669.236	0	0	617.64	30.3682	21.2277	0
Oahu	2040-01-23-04:00	676.033	0	0	666.3	0	9.73339	0
Oahu	2040-01-23-06:00	869.686	0	0	834.039	0	35.6475	0
Oahu	2040-01-23-08:00	1152.68	0	0	877.635	141.791	133.256	0
Oahu	2040-01-23-10:00	1453.48	0	0	900.799	459.165	93.5164	0
Oahu	2040-01-23-12:00	1250.06	0	0	907.096	268.882	74.0782	0
Oahu	2040-01-23-14:00	1216.28	0	0	901.971	222.461	91.8514	0
Oahu	2040-01-23-16:00	1080.93	0	0	897.378	66.6003	116.953	0
Oahu	2040-01-23-18:00	1122.07	0	0	958.557	0	163.511	0
Oahu	2040-01-23-20:00	1028.3	0	0	882.051	0	146.248	0
Oahu	2040-01-23-22:00	849.63	0	0	744.864	0	104.766	0
Oahu	2040-02-23-00:00	722.843	0	0	671.316	0	51.5278	0
Oahu	2040-02-23-02:00	687.008	0	0	629.199	36.5813	21.2277	0
Oahu	2040-02-23-04:00	648.514	0	0	638.781	0	9.73339	0
Oahu	2040-02-23-06:00	751.575	0	0	715.927	0	35.6475	0
Oahu	2040-02-23-08:00	1229.49	0	0	838.38	257.851	133.256	0
Oahu	2040-02-23-10:00	1417.47	0	0	888.961	434.995	93.5164	0
Oahu	2040-02-23-12:00	1530.54	0	0	890.89	565.571	74.0782	0
Oahu	2040-02-23-14:00	1559.29	0	0	888.007	579.435	91.8514	0
Oahu	2040-02-23-16:00	1448.88	0	0	897.467	434.456	116.953	0
Oahu	2040-02-23-18:00	1096.08	0	0	932.564	0	163.511	0
Oahu	2040-02-23-20:00	1026.63	0	0	880.381	0	146.248	0
Oahu	2040-02-23-22:00	887.883	0	0	783.117	0	104.766	0
Oahu	2040-03-23-00:00	720.52	0	0	668.992	0	51.5278	0
Oahu	2040-03-23-02:00	651.244	0	0	630.016	0	21.2277	0
Oahu	2040-03-23-04:00	647.56	0	0	637.827	0	9.73339	0
Oahu	2040-03-23-06:00	728.656	0	0	693.008	0	35.6475	0
Oahu	2040-03-23-08:00	2142.13	0	0	804.209	1204.67	133.256	0
Oahu	2040-03-23-10:00	2137.05	0	0	838.871	1204.67	93.5164	0
Oahu	2040-03-23-12:00	1943.72	0	0	843.791	1025.85	74.0782	0
Oahu	2040-03-23-14:00	2001.02	0	0	841.351	1067.81	91.8514	0
Oahu	2040-03-23-16:00	2172.4	0	0	850.777	1204.67	116.953	0
Oahu	2040-03-23-18:00	1046.15	0	0	882.644	0	163.511	0
Oahu	2040-03-23-20:00	1003.32	0	0	857.074	0	146.248	0
Oahu	2040-03-23-22:00	858.476	0	0	753.71	0	104.766	0
Oahu	2040-04-23-00:00	705.165	0	0	653.637	0	51.5278	0
Oahu	2040-04-23-02:00	644.961	0	0	623.733	0	21.2277	0
Oahu	2040-04-23-04:00	673.921	0	0	664.187	0	9.73339	0
Oahu	2040-04-23-06:00	854.686	0	0	819.039	0	35.6475	0
Oahu	2040-04-23-08:00	1518.66	0	0	903.314	482.093	133.256	0
Oahu	2040-04-23-10:00	1560.55	0	0	943.209	523.82	93.5164	0
Oahu	2040-04-23-12:00	1579.31	0	0	957.153	548.08	74.0782	0
Oahu	2040-04-23-14:00	1415.66	0	0	960.09	363.719	91.8514	0
Oahu	2040-04-23-16:00	1417.55	0	0	952.396	348.206	116.953	0
Oahu	2040-04-23-18:00	1116.73	0	0	953.221	0	163.511	0
Oahu	2040-04-23-20:00	1061.15	0	0	914.9	0	146.248	0
Oahu	2040-04-23-22:00	871.935	0	0	767.17	0	104.766	0
Oahu	2040-05-23-00:00	748.168	0	0	696.64	0	51.5278	0
Oahu	2040-05-23-02:00	686.09	0	0	664.862	0	21.2277	0
Oahu	2040-05-23-04:00	721.974	0	0	712.24	0	9.73339	0
Oahu	2040-05-23-06:00	900.674	0	0	865.027	0	35.6475	0
Oahu	2040-05-23-08:00	1635.13	0	0	950.992	550.88	133.256	0
Oahu	2040-05-23-10:00	1505.38	0	0	985.606	426.257	93.5164	0
Oahu	2040-05-23-12:00	1696.64	0	0	992.564	630.002	74.0782	0
Oahu	2040-05-23-14:00	1421.67	0	0	984.638	345.177	91.8514	0
Oahu	2040-05-23-16:00	1231.61	0	0	954.127	160.526	116.953	0
Oahu	2040-05-23-18:00	1100.63	0	0	937.123	0	163.511	0
Oahu	2040-05-23-20:00	1052.78	0	0	906.531	0	146.248	0
Oahu	2040-05-23-22:00	901.049	0	0	796.283	0	104.766	0
Oahu	2040-06-23-00:00	736.194	0	0	684.666	0	51.5278	0
Oahu	2040-06-23-02:00	673.85	0	0	652.622	0	21.2277	0
Oahu	2040-06-23-04:00	704.452	0	0	694.719	0	9.73339	0
Oahu	2040-06-23-06:00	870.157	0	0	834.509	0	35.6475	0
Oahu	2040-06-23-08:00	1533.13	0	0	928.005	471.871	133.256	0
Oahu	2040-06-23-10:00	1597.53	0	0	975.942	528.075	93.5164	0
Oahu	2040-06-23-12:00	1663.15	0	0	989.388	599.682	74.0782	0
Oahu	2040-06-23-14:00	1841.41	0	0	990.594	758.963	91.8514	0
Oahu	2040-06-23-16:00	1299.99	0	0	974.204	208.828	116.953	0
Oahu	2040-06-23-18:00	1118.41	0	0	954.897	0	163.511	0
Oahu	2040-06-23-20:00	1090.38	0	0	944.129	0	146.248	0
Oahu	2040-06-23-22:00	910.345	0	0	805.579	0	104.766	0
Oahu	2040-07-23-00:00	771.408	0	0	719.88	0	51.5278	0
Oahu	2040-07-23-02:00	705.567	0	0	684.339	0	21.2277	0
Oahu	2040-07-23-04:00	730.99	0	0	721.256	0	9.73339	0
Oahu	2040-07-23-06:00	893.539	0	0	857.892	0	35.6475	0
Oahu	2040-07-23-08:00	1078.37	0	0	945.111	0	133.256	0
Oahu	2040-07-23-10:00	1496.19	0	0	993.838	408.838	93.5164	0
Oahu	2040-07-23-12:00	1300.98	0	0	1003.73	223.176	74.0782	0
Oahu	2040-07-23-14:00	1332.48	0	0	1000.09	240.537	91.8514	0
Oahu	2040-07-23-16:00	1520.47	0	0	990.765	412.751	116.953	0
Oahu	2040-07-23-18:00	1133.08	0	0	969.57	0	163.511	0
Oahu	2040-07-23-20:00	1094.18	0	0	947.932	0	146.248	0
Oahu	2040-07-23-22:00	922.394	0	0	817.628	0	104.766	0
Oahu	2040-08-23-00:00	766.092	0	0	714.564	0	51.5278	0
Oahu	2040-08-23-02:00	693.525	0	0	672.297	0	21.2277	0
Oahu	2040-08-23-04:00	691.21	0	0	681.477	0	9.73339	0
Oahu	2040-08-23-06:00	793.467	0	0	757.819	0	35.6475	0
Oahu	2040-08-23-08:00	1669.76	0	0	886.126	650.373	133.256	0
Oahu	2040-08-23-10:00	1239.92	0	0	934.05	212.349	93.5164	0
Oahu	2040-08-23-12:00	1641.56	0	0	937.764	629.722	74.0782	0
Oahu	2040-08-23-14:00	1422.42	0	0	934.139	396.431	91.8514	0
Oahu	2040-08-23-16:00	1427.29	0	0	928.891	381.446	116.953	0
Oahu	2040-08-23-18:00	1082.55	0	0	919.036	0	163.511	0
Oahu	2040-08-23-20:00	1046.15	0	0	899.9	0	146.248	0
Oahu	2040-08-23-22:00	917.583	0	0	812.817	0	104.766	0
Oahu	2040-09-23-00:00	740.515	0	0	688.987	0	51.5278	0
Oahu	2040-09-23-02:00	682.532	0	0	661.304	0	21.2277	0
Oahu	2040-09-23-04:00	722.28	0	0	712.547	0	9.73339	0
Oahu	2040-09-23-06:00	897.785	0	0	862.137	0	35.6475	0
Oahu	2040-09-23-08:00	2207.21	0	0	942.289	1131.67	133.256	0
Oahu	2040-09-23-10:00	1814.25	0	0	976.917	743.814	93.5164	0
Oahu	2040-09-23-12:00	2119.97	0	0	993.041	1052.86	74.0782	0
Oahu	2040-09-23-14:00	1641.89	0	0	993.907	556.134	91.8514	0
Oahu	2040-09-23-16:00	1628	0	0	978.395	532.654	116.953	0
Oahu	2040-09-23-18:00	1171.91	0	0	1008.4	0	163.511	0
Oahu	2040-09-23-20:00	1071.48	0	0	925.231	0	146.248	0
Oahu	2040-09-23-22:00	888.591	0	0	783.826	0	104.766	0
Oahu	2040-10-23-00:00	737.06	0	0	685.532	0	51.5278	0
Oahu	2040-10-23-02:00	677.625	0	0	656.398	0	21.2277	0
Oahu	2040-10-23-04:00	705.447	0	0	695.714	0	9.73339	0
Oahu	2040-10-23-06:00	878.532	0	0	842.885	0	35.6475	0
Oahu	2040-10-23-08:00	2183.04	0	0	918.116	1131.67	133.256	0
Oahu	2040-10-23-10:00	1714.45	0	0	954.386	666.544	93.5164	0
Oahu	2040-10-23-12:00	2173.86	0	0	968.112	1131.67	74.0782	0
Oahu	2040-10-23-14:00	1723.19	0	0	964.793	666.544	91.8514	0
Oahu	2040-10-23-16:00	1243.83	0	0	951.612	175.264	116.953	0
Oahu	2040-10-23-18:00	1150.48	0	0	986.969	0	163.511	0
Oahu	2040-10-23-20:00	1053.24	0	0	906.994	0	146.248	0
Oahu	2040-10-23-22:00	885.845	0	0	781.079	0	104.766	0
Oahu	2040-11-23-00:00	709.172	0	0	657.645	0	51.5278	0
Oahu	2040-11-23-02:00	649.786	0	0	628.558	0	21.2277	0
Oahu	2040-11-23-04:00	652.76	0	0	643.026	0	9.73339	0
Oahu	2040-11-23-06:00	738.054	0	0	702.406	0	35.6475	0
Oahu	2040-11-23-08:00	1268.02	0	0	812.681	322.083	133.256	0
Oahu	2040-11-23-10:00	1276.49	0	0	863.228	319.745	93.5164	0
Oahu	2040-11-23-12:00	1443.78	0	0	858.798	510.908	74.0782	0
Oahu	2040-11-23-14:00	1267.88	0	0	850.395	325.638	91.8514	0
Oahu	2040-11-23-16:00	1181.96	0	0	872.053	192.952	116.953	0
Oahu	2040-11-23-18:00	1105.87	0	0	942.357	0	163.511	0
Oahu	2040-11-23-20:00	1015.92	0	0	869.675	0	146.248	0
Oahu	2040-11-23-22:00	860.213	0	0	755.448	0	104.766	0
Oahu	2040-12-23-00:00	712.41	0	0	660.882	0	51.5278	0
Oahu	2040-12-23-02:00	643.938	0	0	622.711	0	21.2277	0
Oahu	2040-12-23-04:00	673.873	0	0	664.139	0	9.73339	0
Oahu	2040-12-23-06:00	833.826	0	0	798.178	0	35.6475	0
Oahu	2040-12-23-08:00	1018.18	0	0	884.927	0	133.256	0
Oahu	2040-12-23-10:00	1365.01	0	0	924.482	347.015	93.5164	0
Oahu	2040-12-23-12:00	1502.74	0	0	925.19	503.475	74.0782	0
Oahu	2040-12-23-14:00	1678.04	0	0	919.65	666.544	91.8514	0
Oahu	2040-12-23-16:00	1197.27	0	0	907.199	173.123	116.953	0
Oahu	2040-12-23-18:00	1115.93	0	0	952.416	0	163.511	0
Oahu	2040-12-23-20:00	1035.98	0	0	889.732	0	146.248	0
Oahu	2040-12-23-22:00	889.062	0	0	784.296	0	104.766	0
Oahu	2045-01-23-00:00	727.435	0	0	661.515	0	65.9202	0
Oahu	2045-01-23-02:00	657.936	0	0	630.779	0	27.157	0
Oahu	2045-01-23-04:00	693.495	0	0	681.043	0	12.4521	0
Oahu	2045-01-23-06:00	899.918	0	0	854.313	0	45.6044	0
Oahu	2045-01-23-08:00	1321.66	0	0	899.347	251.84	170.477	0
Oahu	2045-01-23-10:00	2199.9	0	0	923.275	1156.99	119.637	0
Oahu	2045-01-23-12:00	2268.94	0	0	929.78	1244.39	94.7694	0
Oahu	2045-01-23-14:00	1776.93	0	0	924.486	734.938	117.507	0
Oahu	2045-01-23-16:00	1217	0	0	919.741	147.642	149.62	0
Oahu	2045-01-23-18:00	1192.12	0	0	982.937	0	209.182	0
Oahu	2045-01-23-20:00	1091.01	0	0	903.909	0	187.097	0
Oahu	2045-01-23-22:00	896.226	0	0	762.198	0	134.028	0
Oahu	2045-02-23-00:00	752.145	0	0	686.224	0	65.9202	0
Oahu	2045-02-23-02:00	669.876	0	0	642.719	0	27.157	0
Oahu	2045-02-23-04:00	665.069	0	0	652.617	0	12.4521	0
Oahu	2045-02-23-06:00	777.911	0	0	732.307	0	45.6044	0
Oahu	2045-02-23-08:00	1547.68	0	0	858.798	518.408	170.477	0
Oahu	2045-02-23-10:00	2281.02	0	0	911.047	1250.33	119.637	0
Oahu	2045-02-23-12:00	2458.07	0	0	913.039	1450.27	94.7694	0
Oahu	2045-02-23-14:00	2238.98	0	0	910.061	1211.41	117.507	0
Oahu	2045-02-23-16:00	1677.9	0	0	919.833	608.447	149.62	0
Oahu	2045-02-23-18:00	1165.27	0	0	956.088	0	209.182	0
Oahu	2045-02-23-20:00	1089.28	0	0	902.184	0	187.097	0
Oahu	2045-02-23-22:00	935.741	0	0	801.712	0	134.028	0
Oahu	2045-03-23-00:00	749.744	0	0	683.824	0	65.9202	0
Oahu	2045-03-23-02:00	670.72	0	0	643.563	0	27.157	0
Oahu	2045-03-23-04:00	664.083	0	0	651.631	0	12.4521	0
Oahu	2045-03-23-06:00	754.236	0	0	708.632	0	45.6044	0
Oahu	2045-03-23-08:00	993.977	0	0	823.5	0	170.477	0
Oahu	2045-03-23-10:00	2204.74	0	0	859.305	1225.8	119.637	0
Oahu	2045-03-23-12:00	2185.9	0	0	864.387	1226.75	94.7694	0
Oahu	2045-03-23-14:00	1925.73	0	0	861.867	946.36	117.507	0
Oahu	2045-03-23-16:00	1634.8	0	0	871.603	613.58	149.62	0
Oahu	2045-03-23-18:00	1113.7	0	0	904.521	0	209.182	0
Oahu	2045-03-23-20:00	1065.21	0	0	878.108	0	187.097	0
Oahu	2045-03-23-22:00	905.364	0	0	771.335	0	134.028	0
Oahu	2045-04-23-00:00	733.883	0	0	667.963	0	65.9202	0
Oahu	2045-04-23-02:00	664.23	0	0	637.073	0	27.157	0
Oahu	2045-04-23-04:00	691.313	0	0	678.861	0	12.4521	0
Oahu	2045-04-23-06:00	884.423	0	0	838.819	0	45.6044	0
Oahu	2045-04-23-08:00	1752.17	0	0	925.873	655.821	170.477	0
Oahu	2045-04-23-10:00	2349.71	0	0	967.084	1262.99	119.637	0
Oahu	2045-04-23-12:00	2554.32	0	0	981.487	1478.07	94.7694	0
Oahu	2045-04-23-14:00	2315.61	0	0	984.521	1213.58	117.507	0
Oahu	2045-04-23-16:00	1554.59	0	0	976.573	428.4	149.62	0
Oahu	2045-04-23-18:00	1186.61	0	0	977.425	0	209.182	0
Oahu	2045-04-23-20:00	1124.94	0	0	937.84	0	187.097	0
Oahu	2045-04-23-22:00	919.268	0	0	785.239	0	134.028	0
Oahu	2045-05-23-00:00	778.305	0	0	712.384	0	65.9202	0
Oahu	2045-05-23-02:00	706.715	0	0	679.558	0	27.157	0
Oahu	2045-05-23-04:00	740.95	0	0	728.498	0	12.4521	0
Oahu	2045-05-23-06:00	931.928	0	0	886.323	0	45.6044	0
Oahu	2045-05-23-08:00	1982.17	0	0	975.123	836.574	170.477	0
Oahu	2045-05-23-10:00	2181.16	0	0	1010.88	1050.65	119.637	0
Oahu	2045-05-23-12:00	2352.95	0	0	1018.07	1240.12	94.7694	0
Oahu	2045-05-23-14:00	2002.81	0	0	1009.88	875.422	117.507	0
Oahu	2045-05-23-16:00	1418.83	0	0	978.361	290.85	149.62	0
Oahu	2045-05-23-18:00	1169.98	0	0	960.797	0	209.182	0
Oahu	2045-05-23-20:00	1116.29	0	0	929.196	0	187.097	0
Oahu	2045-05-23-22:00	949.341	0	0	815.313	0	134.028	0
Oahu	2045-06-23-00:00	765.936	0	0	700.015	0	65.9202	0
Oahu	2045-06-23-02:00	694.071	0	0	666.914	0	27.157	0
Oahu	2045-06-23-04:00	722.851	0	0	710.399	0	12.4521	0
Oahu	2045-06-23-06:00	900.404	0	0	854.799	0	45.6044	0
Oahu	2045-06-23-08:00	1859.99	0	0	951.378	738.138	170.477	0
Oahu	2045-06-23-10:00	2161.2	0	0	1000.9	1040.67	119.637	0
Oahu	2045-06-23-12:00	2541.62	0	0	1014.79	1432.06	94.7694	0
Oahu	2045-06-23-14:00	2384.15	0	0	1016.03	1250.61	117.507	0
Oahu	2045-06-23-16:00	1245.69	0	0	999.101	96.9675	149.62	0
Oahu	2045-06-23-18:00	1188.34	0	0	979.157	0	209.182	0
Oahu	2045-06-23-20:00	1155.13	0	0	968.034	0	187.097	0
Oahu	2045-06-23-22:00	958.944	0	0	824.915	0	134.028	0
Oahu	2045-07-23-00:00	802.31	0	0	736.39	0	65.9202	0
Oahu	2045-07-23-02:00	726.834	0	0	699.678	0	27.157	0
Oahu	2045-07-23-04:00	750.264	0	0	737.812	0	12.4521	0
Oahu	2045-07-23-06:00	924.557	0	0	878.953	0	45.6044	0
Oahu	2045-07-23-08:00	1176.75	0	0	969.048	37.2233	170.477	0
Oahu	2045-07-23-10:00	2210.53	0	0	1019.38	1071.51	119.637	0
Oahu	2045-07-23-12:00	2171.53	0	0	1029.6	1047.16	94.7694	0
Oahu	2045-07-23-14:00	2010.74	0	0	1025.84	867.388	117.507	0
Oahu	2045-07-23-16:00	1707.61	0	0	1016.21	541.783	149.62	0
Oahu	2045-07-23-18:00	1203.5	0	0	994.314	0	209.182	0
Oahu	2045-07-23-20:00	1159.06	0	0	971.962	0	187.097	0
Oahu	2045-07-23-22:00	971.39	0	0	837.362	0	134.028	0
Oahu	2045-08-23-00:00	796.819	0	0	730.899	0	65.9202	0
Oahu	2045-08-23-02:00	714.395	0	0	687.238	0	27.157	0
Oahu	2045-08-23-04:00	709.173	0	0	696.721	0	12.4521	0
Oahu	2045-08-23-06:00	821.185	0	0	775.58	0	45.6044	0
Oahu	2045-08-23-08:00	2042.04	0	0	908.118	963.447	170.477	0
Oahu	2045-08-23-10:00	1922.75	0	0	957.622	845.488	119.637	0
Oahu	2045-08-23-12:00	2490.06	0	0	961.459	1433.84	94.7694	0
Oahu	2045-08-23-14:00	2167.92	0	0	957.714	1092.7	117.507	0
Oahu	2045-08-23-16:00	1805.31	0	0	952.293	703.394	149.62	0
Oahu	2045-08-23-18:00	1151.3	0	0	942.114	0	209.182	0
Oahu	2045-08-23-20:00	1109.44	0	0	922.346	0	187.097	0
Oahu	2045-08-23-22:00	966.42	0	0	832.391	0	134.028	0
Oahu	2045-09-23-00:00	770.399	0	0	704.479	0	65.9202	0
Oahu	2045-09-23-02:00	703.04	0	0	675.883	0	27.157	0
Oahu	2045-09-23-04:00	741.267	0	0	728.815	0	12.4521	0
Oahu	2045-09-23-06:00	928.943	0	0	883.338	0	45.6044	0
Oahu	2045-09-23-08:00	1896.67	0	0	966.133	760.059	170.477	0
Oahu	2045-09-23-10:00	1810.12	0	0	1001.9	688.583	119.637	0
Oahu	2045-09-23-12:00	2380.98	0	0	1018.56	1267.66	94.7694	0
Oahu	2045-09-23-14:00	2600.77	0	0	1019.45	1463.81	117.507	0
Oahu	2045-09-23-16:00	1637.1	0	0	1003.43	484.046	149.62	0
Oahu	2045-09-23-18:00	1243.6	0	0	1034.42	0	209.182	0
Oahu	2045-09-23-20:00	1135.61	0	0	948.513	0	187.097	0
Oahu	2045-09-23-22:00	936.473	0	0	802.444	0	134.028	0
Oahu	2045-10-23-00:00	766.83	0	0	700.909	0	65.9202	0
Oahu	2045-10-23-02:00	697.971	0	0	670.814	0	27.157	0
Oahu	2045-10-23-04:00	723.879	0	0	711.427	0	12.4521	0
Oahu	2045-10-23-06:00	909.055	0	0	863.451	0	45.6044	0
Oahu	2045-10-23-08:00	1929.01	0	0	941.163	817.373	170.477	0
Oahu	2045-10-23-10:00	2404.53	0	0	978.629	1306.26	119.637	0
Oahu	2045-10-23-12:00	2467.96	0	0	992.807	1380.38	94.7694	0
Oahu	2045-10-23-14:00	2286.44	0	0	989.379	1179.55	117.507	0
Oahu	2045-10-23-16:00	1265.78	0	0	975.764	140.401	149.62	0
Oahu	2045-10-23-18:00	1221.47	0	0	1012.29	0	209.182	0
Oahu	2045-10-23-20:00	1116.77	0	0	929.674	0	187.097	0
Oahu	2045-10-23-22:00	933.636	0	0	799.607	0	134.028	0
Oahu	2045-11-23-00:00	738.023	0	0	672.103	0	65.9202	0
Oahu	2045-11-23-02:00	669.214	0	0	642.057	0	27.157	0
Oahu	2045-11-23-04:00	669.454	0	0	657.002	0	12.4521	0
Oahu	2045-11-23-06:00	763.944	0	0	718.34	0	45.6044	0
Oahu	2045-11-23-08:00	1661.67	0	0	832.251	658.944	170.477	0
Oahu	2045-11-23-10:00	2091.23	0	0	884.465	1087.13	119.637	0
Oahu	2045-11-23-12:00	2306.53	0	0	879.889	1331.87	94.7694	0
Oahu	2045-11-23-14:00	1804.88	0	0	871.209	816.167	117.507	0
Oahu	2045-11-23-16:00	1121.88	0	0	893.581	78.6763	149.62	0
Oahu	2045-11-23-18:00	1175.39	0	0	966.204	0	209.182	0
Oahu	2045-11-23-20:00	1078.22	0	0	891.124	0	187.097	0
Oahu	2045-11-23-22:00	907.159	0	0	773.131	0	134.028	0
Oahu	2045-12-23-00:00	741.367	0	0	675.447	0	65.9202	0
Oahu	2045-12-23-02:00	663.174	0	0	636.017	0	27.157	0
Oahu	2045-12-23-04:00	691.264	0	0	678.812	0	12.4521	0
Oahu	2045-12-23-06:00	862.874	0	0	817.27	0	45.6044	0
Oahu	2045-12-23-08:00	1077.36	0	0	906.879	0	170.477	0
Oahu	2045-12-23-10:00	1823.26	0	0	947.738	755.887	119.637	0
Oahu	2045-12-23-12:00	2065.31	0	0	948.471	1022.07	94.7694	0
Oahu	2045-12-23-14:00	2463.07	0	0	942.747	1402.82	117.507	0
Oahu	2045-12-23-16:00	1351.53	0	0	929.885	272.021	149.62	0
Oahu	2045-12-23-18:00	1185.78	0	0	976.594	0	209.182	0
Oahu	2045-12-23-20:00	1098.94	0	0	911.842	0	187.097	0
Oahu	2045-12-23-22:00	936.958	0	0	802.93	0	134.028	0
