load_zone	timestamp	ZoneTotalCentralDispatch	ZoneTotalDistributedDispatch	UnservedLoad	zone_demand_mw	StorageNetCharge	ChargeEVs	ShiftDemand
Oahu	2020-01-23-00:00	566.744	0	0	532.599	28.3074	5.83845	0
Oahu	2020-01-23-02:00	524.754	0	0	482.673	39.6761	2.40525	0
Oahu	2020-01-23-04:00	587.612	0	0	564.319	22.1894	1.10286	0
Oahu	2020-01-23-06:00	849.81	0	0	845.771	0	4.03911	0
Oahu	2020-01-23-08:00	934.02	0	0	918.921	0	15.0989	0
Oahu	2020-01-23-10:00	971.649	0	0	957.789	3.26353	10.5961	0
Oahu	2020-01-23-12:00	998.717	0	0	968.355	21.968	8.39358	0
Oahu	2020-01-23-14:00	970.163	0	0	959.756	0	10.4074	0
Oahu	2020-01-23-16:00	965.3	0	0	952.049	0	13.2516	0
Oahu	2020-01-23-18:00	1073.23	0	0	1054.7	0	18.5269	0
Oahu	2020-01-23-20:00	942.902	0	0	926.331	0	16.5709	0
Oahu	2020-01-23-22:00	708.014	0	0	696.143	0	11.8707	0
Oahu	2020-02-23-00:00	589.395	0	0	572.736	10.8207	5.83845	0
Oahu	2020-02-23-02:00	544.148	0	0	502.067	39.6761	2.40525	0
Oahu	2020-02-23-04:00	558.924	0	0	518.145	39.6761	1.10286	0
Oahu	2020-02-23-06:00	651.629	0	0	647.59	0	4.03911	0
Oahu	2020-02-23-08:00	868.154	0	0	853.055	0	15.0989	0
Oahu	2020-02-23-10:00	948.522	0	0	937.926	0	10.5961	0
Oahu	2020-02-23-12:00	949.556	0	0	941.162	0	8.39358	0
Oahu	2020-02-23-14:00	953.174	0	0	936.325	6.44091	10.4074	0
Oahu	2020-02-23-16:00	965.449	0	0	952.197	0	13.2516	0
Oahu	2020-02-23-18:00	1029.61	0	0	1011.09	0	18.5269	0
Oahu	2020-02-23-20:00	940.1	0	0	923.53	0	16.5709	0
Oahu	2020-02-23-22:00	772.199	0	0	760.328	0	11.8707	0
Oahu	2020-03-23-00:00	595.61	0	0	568.836	20.9354	5.83845	0
Oahu	2020-03-23-02:00	545.52	0	0	503.439	39.6761	2.40525	0
Oahu	2020-03-23-04:00	517.647	0	0	516.544	0	1.10286	0
Oahu	2020-03-23-06:00	636.943	0	0	609.133	23.7699	4.03911	0
Oahu	2020-03-23-08:00	810.819	0	0	795.72	0	15.0989	0
Oahu	2020-03-23-10:00	904.151	0	0	853.878	39.6761	10.5961	0
Oahu	2020-03-23-12:00	870.528	0	0	862.135	0	8.39358	0
Oahu	2020-03-23-14:00	880.342	0	0	858.041	11.8936	10.4074	0
Oahu	2020-03-23-16:00	887.107	0	0	873.856	0	13.2516	0
Oahu	2020-03-23-18:00	945.853	0	0	927.326	0	18.5269	0
Oahu	2020-03-23-20:00	900.992	0	0	884.422	0	16.5709	0
Oahu	2020-03-23-22:00	722.856	0	0	710.986	0	11.8707	0
Oahu	2020-04-23-00:00	564.449	0	0	543.073	15.5376	5.83845	0
Oahu	2020-04-23-02:00	530.26	0	0	492.896	34.9593	2.40525	0
Oahu	2020-04-23-04:00	601.554	0	0	560.775	39.6761	1.10286	0
Oahu	2020-04-23-06:00	824.641	0	0	820.602	0	4.03911	0
Oahu	2020-04-23-08:00	977.107	0	0	962.009	0	15.0989	0
Oahu	2020-04-23-10:00	1039.55	0	0	1028.95	0	10.5961	0
Oahu	2020-04-23-12:00	1099.25	0	0	1052.35	38.5137	8.39358	0
Oahu	2020-04-23-14:00	1067.68	0	0	1057.27	0	10.4074	0
Oahu	2020-04-23-16:00	1057.62	0	0	1044.36	0	13.2516	0
Oahu	2020-04-23-18:00	1064.27	0	0	1045.75	0	18.5269	0
Oahu	2020-04-23-20:00	998.019	0	0	981.448	0	16.5709	0
Oahu	2020-04-23-22:00	745.441	0	0	733.57	0	11.8707	0
Oahu	2020-05-23-00:00	660.743	0	0	615.228	39.6761	5.83845	0
Oahu	2020-05-23-02:00	603.988	0	0	561.907	39.6761	2.40525	0
Oahu	2020-05-23-04:00	653.327	0	0	641.403	10.8207	1.10286	0
Oahu	2020-05-23-06:00	901.805	0	0	897.766	0	4.03911	0
Oahu	2020-05-23-08:00	1057.11	0	0	1042.01	0	15.0989	0
Oahu	2020-05-23-10:00	1110.68	0	0	1100.09	0	10.5961	0
Oahu	2020-05-23-12:00	1120.16	0	0	1111.76	0	8.39358	0
Oahu	2020-05-23-14:00	1108.87	0	0	1098.46	0	10.4074	0
Oahu	2020-05-23-16:00	1060.52	0	0	1047.27	0	13.2516	0
Oahu	2020-05-23-18:00	1037.26	0	0	1018.74	0	18.5269	0
Oahu	2020-05-23-20:00	983.977	0	0	967.406	0	16.5709	0
Oahu	2020-05-23-22:00	794.291	0	0	782.421	0	11.8707	0
Oahu	2020-06-23-00:00	634.654	0	0	595.137	33.6783	5.83845	0
Oahu	2020-06-23-02:00	543.774	0	0	541.369	0	2.40525	0
Oahu	2020-06-23-04:00	652.783	0	0	612.004	39.6761	1.10286	0
Oahu	2020-06-23-06:00	850.599	0	0	846.56	0	4.03911	0
Oahu	2020-06-23-08:00	1018.54	0	0	1003.44	0	15.0989	0
Oahu	2020-06-23-10:00	1094.47	0	0	1083.87	0	10.5961	0
Oahu	2020-06-23-12:00	1154.5	0	0	1106.43	39.6761	8.39358	0
Oahu	2020-06-23-14:00	1136.15	0	0	1108.46	17.2875	10.4074	0
Oahu	2020-06-23-16:00	1097.99	0	0	1080.96	3.78262	13.2516	0
Oahu	2020-06-23-18:00	1067.09	0	0	1048.56	0	18.5269	0
Oahu	2020-06-23-20:00	1047.06	0	0	1030.49	0	16.5709	0
Oahu	2020-06-23-22:00	809.889	0	0	798.018	0	11.8707	0
Oahu	2020-07-23-00:00	699.737	0	0	654.222	39.6761	5.83845	0
Oahu	2020-07-23-02:00	636.669	0	0	594.588	39.6761	2.40525	0
Oahu	2020-07-23-04:00	657.635	0	0	656.532	0	1.10286	0
Oahu	2020-07-23-06:00	889.833	0	0	885.794	0	4.03911	0
Oahu	2020-07-23-08:00	1047.24	0	0	1032.14	0	15.0989	0
Oahu	2020-07-23-10:00	1126.39	0	0	1113.9	1.89566	10.5961	0
Oahu	2020-07-23-12:00	1156.5	0	0	1130.49	17.6141	8.39358	0
Oahu	2020-07-23-14:00	1134.81	0	0	1124.4	0	10.4074	0
Oahu	2020-07-23-16:00	1122	0	0	1108.74	0	13.2516	0
Oahu	2020-07-23-18:00	1091.71	0	0	1073.18	0	18.5269	0
Oahu	2020-07-23-20:00	1053.45	0	0	1036.87	0	16.5709	0
Oahu	2020-07-23-22:00	830.106	0	0	818.235	0	11.8707	0
Oahu	2020-08-23-00:00	651.141	0	0	645.303	0	5.83845	0
Oahu	2020-08-23-02:00	600.535	0	0	574.382	23.7479	2.40525	0
Oahu	2020-08-23-04:00	618.53	0	0	589.785	27.6422	1.10286	0
Oahu	2020-08-23-06:00	721.92	0	0	717.881	0	4.03911	0
Oahu	2020-08-23-08:00	949.891	0	0	933.169	1.62243	15.0989	0
Oahu	2020-08-23-10:00	1024.18	0	0	1013.58	0	10.5961	0
Oahu	2020-08-23-12:00	1060.8	0	0	1019.81	32.5949	8.39358	0
Oahu	2020-08-23-14:00	1029.46	0	0	1013.73	5.31945	10.4074	0
Oahu	2020-08-23-16:00	1019.45	0	0	1004.92	1.27107	13.2516	0
Oahu	2020-08-23-18:00	1006.92	0	0	988.389	0	18.5269	0
Oahu	2020-08-23-20:00	972.851	0	0	956.28	0	16.5709	0
Oahu	2020-08-23-22:00	822.033	0	0	810.162	0	11.8707	0
Oahu	2020-09-23-00:00	647.901	0	0	602.387	39.6761	5.83845	0
Oahu	2020-09-23-02:00	576.252	0	0	555.937	17.9092	2.40525	0
Oahu	2020-09-23-04:00	663.609	0	0	641.918	20.5884	1.10286	0
Oahu	2020-09-23-06:00	896.957	0	0	892.918	0	4.03911	0
Oahu	2020-09-23-08:00	1042.5	0	0	1027.41	0	15.0989	0
Oahu	2020-09-23-10:00	1119.95	0	0	1085.51	23.8498	10.5961	0
Oahu	2020-09-23-12:00	1158.56	0	0	1112.56	37.6004	8.39358	0
Oahu	2020-09-23-14:00	1141.57	0	0	1114.02	17.1499	10.4074	0
Oahu	2020-09-23-16:00	1101.24	0	0	1087.99	0	13.2516	0
Oahu	2020-09-23-18:00	1156.85	0	0	1138.33	0	18.5269	0
Oahu	2020-09-23-20:00	1015.35	0	0	998.784	0	16.5709	0
Oahu	2020-09-23-22:00	773.388	0	0	761.517	0	11.8707	0
Oahu	2020-10-23-00:00	642.104	0	0	596.589	39.6761	5.83845	0
Oahu	2020-10-23-02:00	550.11	0	0	547.704	0	2.40525	0
Oahu	2020-10-23-04:00	649.95	0	0	613.673	35.174	1.10286	0
Oahu	2020-10-23-06:00	864.653	0	0	860.614	0	4.03911	0
Oahu	2020-10-23-08:00	1027.9	0	0	986.846	25.9506	15.0989	0
Oahu	2020-10-23-10:00	1082.85	0	0	1047.7	24.5463	10.5961	0
Oahu	2020-10-23-12:00	1118.8	0	0	1070.73	39.6761	8.39358	0
Oahu	2020-10-23-14:00	1075.57	0	0	1065.16	0	10.4074	0
Oahu	2020-10-23-16:00	1056.3	0	0	1043.05	0	13.2516	0
Oahu	2020-10-23-18:00	1120.9	0	0	1102.37	0	18.5269	0
Oahu	2020-10-23-20:00	984.754	0	0	968.183	0	16.5709	0
Oahu	2020-10-23-22:00	768.78	0	0	756.909	0	11.8707	0
Oahu	2020-11-23-00:00	555.635	0	0	549.797	0	5.83845	0
Oahu	2020-11-23-02:00	518.641	0	0	500.992	15.2434	2.40525	0
Oahu	2020-11-23-04:00	526.372	0	0	525.269	0	1.10286	0
Oahu	2020-11-23-06:00	628.942	0	0	624.903	0	4.03911	0
Oahu	2020-11-23-08:00	825.032	0	0	809.933	0	15.0989	0
Oahu	2020-11-23-10:00	916.164	0	0	894.747	10.8207	10.5961	0
Oahu	2020-11-23-12:00	935.384	0	0	887.315	39.6761	8.39358	0
Oahu	2020-11-23-14:00	923.299	0	0	873.215	39.6761	10.4074	0
Oahu	2020-11-23-16:00	922.808	0	0	909.556	0	13.2516	0
Oahu	2020-11-23-18:00	1046.05	0	0	1027.52	0	18.5269	0
Oahu	2020-11-23-20:00	922.136	0	0	905.565	0	16.5709	0
Oahu	2020-11-23-22:00	744.442	0	0	713.902	18.6701	11.8707	0
Oahu	2020-12-23-00:00	600.743	0	0	555.229	39.6761	5.83845	0
Oahu	2020-12-23-02:00	533.262	0	0	491.181	39.6761	2.40525	0
Oahu	2020-12-23-04:00	563.565	0	0	560.695	1.76748	1.10286	0
Oahu	2020-12-23-06:00	789.639	0	0	785.6	0	4.03911	0
Oahu	2020-12-23-08:00	946.256	0	0	931.157	0	15.0989	0
Oahu	2020-12-23-10:00	1008.12	0	0	997.526	0	10.5961	0
Oahu	2020-12-23-12:00	1046.78	0	0	998.715	39.6761	8.39358	0
Oahu	2020-12-23-14:00	1039.5	0	0	989.418	39.6761	10.4074	0
Oahu	2020-12-23-16:00	981.778	0	0	968.527	0	13.2516	0
Oahu	2020-12-23-18:00	1062.93	0	0	1044.4	0	18.5269	0
Oahu	2020-12-23-20:00	955.789	0	0	939.218	0	16.5709	0
Oahu	2020-12-23-22:00	783.23	0	0	762.306	9.05327	11.8707	0
Oahu	2025-01-23-00:00	553.533	0	0	539.48	0	14.053	0
Oahu	2025-01-23-02:00	576.51	0	0	495.335	75.3852	5.78938	0
Oahu	2025-01-23-04:00	584.623	0	0	567.529	14.4398	2.65456	0
Oahu	2025-01-23-06:00	826.116	0	0	816.394	0	9.72205	0
Oahu	2025-01-23-08:00	917.418	0	0	881.075	0	36.3427	0
Oahu	2025-01-23-10:00	1048.15	0	0	915.443	107.199	25.5045	0
Oahu	2025-01-23-12:00	1052.19	0	0	924.785	107.199	20.2032	0
Oahu	2025-01-23-14:00	990.406	0	0	917.182	48.1744	25.0504	0
Oahu	2025-01-23-16:00	942.263	0	0	910.367	0	31.8964	0
Oahu	2025-01-23-18:00	1045.73	0	0	1001.13	0	44.5939	0
Oahu	2025-01-23-20:00	927.513	0	0	887.627	0	39.8859	0
Oahu	2025-01-23-22:00	712.662	0	0	684.09	0	28.5725	0
Oahu	2025-02-23-00:00	668.704	0	0	574.97	79.6804	14.053	0
Oahu	2025-02-23-02:00	561.392	0	0	512.484	43.1194	5.78938	0
Oahu	2025-02-23-04:00	569.84	0	0	526.7	40.4858	2.65456	0
Oahu	2025-02-23-06:00	650.88	0	0	641.158	0	9.72205	0
Oahu	2025-02-23-08:00	859.177	0	0	822.835	0	36.3427	0
Oahu	2025-02-23-10:00	999.27	0	0	897.88	75.8862	25.5045	0
Oahu	2025-02-23-12:00	1028.14	0	0	900.741	107.199	20.2032	0
Oahu	2025-02-23-14:00	1001	0	0	896.464	79.4876	25.0504	0
Oahu	2025-02-23-16:00	942.395	0	0	910.498	0	31.8964	0
Oahu	2025-02-23-18:00	1007.16	0	0	962.571	0	44.5939	0
Oahu	2025-02-23-20:00	925.036	0	0	885.15	0	39.8859	0
Oahu	2025-02-23-22:00	769.416	0	0	740.844	0	28.5725	0
Oahu	2025-03-23-00:00	595.61	0	0	571.522	10.0347	14.053	0
Oahu	2025-03-23-02:00	580.636	0	0	513.697	61.1496	5.78938	0
Oahu	2025-03-23-04:00	527.939	0	0	525.284	0	2.65456	0
Oahu	2025-03-23-06:00	616.876	0	0	607.154	0	9.72205	0
Oahu	2025-03-23-08:00	915.679	0	0	772.137	107.199	36.3427	0
Oahu	2025-03-23-10:00	897.242	0	0	823.563	48.1744	25.5045	0
Oahu	2025-03-23-12:00	1284.71	0	0	830.863	433.641	20.2032	0
Oahu	2025-03-23-14:00	852.294	0	0	827.243	0	25.0504	0
Oahu	2025-03-23-16:00	951.027	0	0	841.227	77.9039	31.8964	0
Oahu	2025-03-23-18:00	933.1	0	0	888.507	0	44.5939	0
Oahu	2025-03-23-20:00	890.455	0	0	850.57	0	39.8859	0
Oahu	2025-03-23-22:00	725.786	0	0	697.214	0	28.5725	0
Oahu	2025-04-23-00:00	614.735	0	0	548.742	51.94	14.053	0
Oahu	2025-04-23-02:00	569.021	0	0	504.374	58.8576	5.78938	0
Oahu	2025-04-23-04:00	567.049	0	0	564.394	0	2.65456	0
Oahu	2025-04-23-06:00	803.861	0	0	794.139	0	9.72205	0
Oahu	2025-04-23-08:00	955.516	0	0	919.174	0	36.3427	0
Oahu	2025-04-23-10:00	1071.63	0	0	978.364	67.7654	25.5045	0
Oahu	2025-04-23-12:00	1126.45	0	0	999.052	107.199	20.2032	0
Oahu	2025-04-23-14:00	1116.07	0	0	1003.41	87.6083	25.0504	0
Oahu	2025-04-23-16:00	1023.89	0	0	991.994	0	31.8964	0
Oahu	2025-04-23-18:00	1037.81	0	0	993.218	0	44.5939	0
Oahu	2025-04-23-20:00	976.248	0	0	936.363	0	39.8859	0
Oahu	2025-04-23-22:00	745.756	0	0	717.183	0	28.5725	0
Oahu	2025-05-23-00:00	671.879	0	0	612.543	45.2828	14.053	0
Oahu	2025-05-23-02:00	641.693	0	0	565.395	70.5085	5.78938	0
Oahu	2025-05-23-04:00	638.342	0	0	635.688	0	2.65456	0
Oahu	2025-05-23-06:00	872.091	0	0	862.369	0	9.72205	0
Oahu	2025-05-23-08:00	1043.85	0	0	989.911	17.5925	36.3427	0
Oahu	2025-05-23-10:00	1081.64	0	0	1041.27	14.8658	25.5045	0
Oahu	2025-05-23-12:00	1142.43	0	0	1051.59	70.6391	20.2032	0
Oahu	2025-05-23-14:00	1064.88	0	0	1039.83	0	25.0504	0
Oahu	2025-05-23-16:00	1026.46	0	0	994.562	0	31.8964	0
Oahu	2025-05-23-18:00	1013.93	0	0	969.335	0	44.5939	0
Oahu	2025-05-23-20:00	963.832	0	0	923.946	0	39.8859	0
Oahu	2025-05-23-22:00	788.951	0	0	760.378	0	28.5725	0
Oahu	2025-06-23-00:00	624.062	0	0	594.778	15.2307	14.053	0
Oahu	2025-06-23-02:00	553.025	0	0	547.235	0	5.78938	0
Oahu	2025-06-23-04:00	669.704	0	0	609.692	57.3574	2.65456	0
Oahu	2025-06-23-06:00	826.814	0	0	817.092	0	9.72205	0
Oahu	2025-06-23-08:00	1007.17	0	0	955.806	15.0174	36.3427	0
Oahu	2025-06-23-10:00	1097.47	0	0	1026.93	45.0399	25.5045	0
Oahu	2025-06-23-12:00	1174.28	0	0	1046.88	107.199	20.2032	0
Oahu	2025-06-23-14:00	1123.8	0	0	1048.67	50.0838	25.0504	0
Oahu	2025-06-23-16:00	1069.13	0	0	1024.35	12.8839	31.8964	0
Oahu	2025-06-23-18:00	1040.3	0	0	995.705	0	44.5939	0
Oahu	2025-06-23-20:00	1019.62	0	0	979.729	0	39.8859	0
Oahu	2025-06-23-22:00	802.742	0	0	774.17	0	28.5725	0
Oahu	2025-07-23-00:00	764.637	0	0	647.022	103.562	14.053	0
Oahu	2025-07-23-02:00	699.395	0	0	594.293	99.3128	5.78938	0
Oahu	2025-07-23-04:00	651.719	0	0	649.065	0	2.65456	0
Oahu	2025-07-23-06:00	861.505	0	0	851.783	0	9.72205	0
Oahu	2025-07-23-08:00	1017.53	0	0	981.185	0	36.3427	0
Oahu	2025-07-23-10:00	1173.47	0	0	1053.48	94.4853	25.5045	0
Oahu	2025-07-23-12:00	1195.55	0	0	1068.15	107.199	20.2032	0
Oahu	2025-07-23-14:00	1114.4	0	0	1062.76	26.5888	25.0504	0
Oahu	2025-07-23-16:00	1080.82	0	0	1048.92	0	31.8964	0
Oahu	2025-07-23-18:00	1062.07	0	0	1017.47	0	44.5939	0
Oahu	2025-07-23-20:00	1025.26	0	0	985.371	0	39.8859	0
Oahu	2025-07-23-22:00	820.619	0	0	792.046	0	28.5725	0
Oahu	2025-08-23-00:00	676.705	0	0	639.136	23.5159	14.053	0
Oahu	2025-08-23-02:00	582.216	0	0	576.426	0	5.78938	0
Oahu	2025-08-23-04:00	592.701	0	0	590.046	0	2.65456	0
Oahu	2025-08-23-06:00	713.033	0	0	703.311	0	9.72205	0
Oahu	2025-08-23-08:00	964.916	0	0	893.673	34.8999	36.3427	0
Oahu	2025-08-23-10:00	1058.72	0	0	964.775	68.4425	25.5045	0
Oahu	2025-08-23-12:00	1080.9	0	0	970.285	90.4154	20.2032	0
Oahu	2025-08-23-14:00	1018.93	0	0	964.906	28.9778	25.0504	0
Oahu	2025-08-23-16:00	1039.51	0	0	957.121	50.4902	31.8964	0
Oahu	2025-08-23-18:00	987.094	0	0	942.5	0	44.5939	0
Oahu	2025-08-23-20:00	953.994	0	0	914.108	0	39.8859	0
Oahu	2025-08-23-22:00	813.48	0	0	784.908	0	28.5725	0
Oahu	2025-09-23-00:00	662.309	0	0	601.189	47.0675	14.053	0
Oahu	2025-09-23-02:00	576.252	0	0	560.117	10.3455	5.78938	0
Oahu	2025-09-23-04:00	745.997	0	0	636.143	107.199	2.65456	0
Oahu	2025-09-23-06:00	867.804	0	0	858.082	0	9.72205	0
Oahu	2025-09-23-08:00	1020.56	0	0	976.999	7.21323	36.3427	0
Oahu	2025-09-23-10:00	1092.49	0	0	1028.37	38.6075	25.5045	0
Oahu	2025-09-23-12:00	1172.7	0	0	1052.3	100.198	20.2032	0
Oahu	2025-09-23-14:00	1128.64	0	0	1053.58	50.0052	25.0504	0
Oahu	2025-09-23-16:00	1071.26	0	0	1030.57	8.79763	31.8964	0
Oahu	2025-09-23-18:00	1119.67	0	0	1075.08	0	44.5939	0
Oahu	2025-09-23-20:00	991.577	0	0	951.691	0	39.8859	0
Oahu	2025-09-23-22:00	770.468	0	0	741.895	0	28.5725	0
Oahu	2025-10-23-00:00	672.046	0	0	596.062	61.9311	14.053	0
Oahu	2025-10-23-02:00	558.626	0	0	552.837	0	5.78938	0
Oahu	2025-10-23-04:00	654.369	0	0	611.168	40.5458	2.65456	0
Oahu	2025-10-23-06:00	839.24	0	0	829.518	0	9.72205	0
Oahu	2025-10-23-08:00	998.866	0	0	941.135	21.3879	36.3427	0
Oahu	2025-10-23-10:00	1114.08	0	0	994.946	93.6277	25.5045	0
Oahu	2025-10-23-12:00	1135.42	0	0	1015.31	99.911	20.2032	0
Oahu	2025-10-23-14:00	1080.03	0	0	1010.39	44.5984	25.0504	0
Oahu	2025-10-23-16:00	1028.29	0	0	990.831	5.56729	31.8964	0
Oahu	2025-10-23-18:00	1087.88	0	0	1043.29	0	44.5939	0
Oahu	2025-10-23-20:00	964.519	0	0	924.634	0	39.8859	0
Oahu	2025-10-23-22:00	766.393	0	0	737.82	0	28.5725	0
Oahu	2025-11-23-00:00	568.74	0	0	554.687	0	14.053	0
Oahu	2025-11-23-02:00	533.641	0	0	511.533	16.3182	5.78938	0
Oahu	2025-11-23-04:00	535.654	0	0	532.999	0	2.65456	0
Oahu	2025-11-23-06:00	630.819	0	0	621.097	0	9.72205	0
Oahu	2025-11-23-08:00	847.088	0	0	784.706	26.04	36.3427	0
Oahu	2025-11-23-10:00	950.941	0	0	859.7	65.7362	25.5045	0
Oahu	2025-11-23-12:00	954.511	0	0	853.128	81.1797	20.2032	0
Oahu	2025-11-23-14:00	965.981	0	0	840.661	100.27	25.0504	0
Oahu	2025-11-23-16:00	904.69	0	0	872.794	0	31.8964	0
Oahu	2025-11-23-18:00	1021.69	0	0	977.1	0	44.5939	0
Oahu	2025-11-23-20:00	917.345	0	0	869.265	8.19368	39.8859	0
Oahu	2025-11-23-22:00	744.442	0	0	699.792	16.0777	28.5725	0
Oahu	2025-12-23-00:00	632.588	0	0	559.49	59.0447	14.053	0
Oahu	2025-12-23-02:00	593.527	0	0	502.858	84.8795	5.78938	0
Oahu	2025-12-23-04:00	575.065	0	0	564.323	8.08697	2.65456	0
Oahu	2025-12-23-06:00	772.911	0	0	763.189	0	9.72205	0
Oahu	2025-12-23-08:00	928.236	0	0	891.894	0	36.3427	0
Oahu	2025-12-23-10:00	1038.53	0	0	950.579	62.4478	25.5045	0
Oahu	2025-12-23-12:00	1040.81	0	0	951.63	68.972	20.2032	0
Oahu	2025-12-23-14:00	1075.66	0	0	943.41	107.199	25.0504	0
Oahu	2025-12-23-16:00	991.44	0	0	924.937	34.6066	31.8964	0
Oahu	2025-12-23-18:00	1036.62	0	0	992.024	0	44.5939	0
Oahu	2025-12-23-20:00	938.908	0	0	899.022	0	39.8859	0
Oahu	2025-12-23-22:00	771.165	0	0	742.593	0	28.5725	0
Oahu	2030-01-23-00:00	633.724	0	0	608.605	0	25.1189	0
Oahu	2030-01-23-02:00	608.293	0	0	579.781	18.1646	10.3482	0
Oahu	2030-01-23-04:00	631.664	0	0	626.919	0	4.74487	0
Oahu	2030-01-23-06:00	806.792	0	0	789.415	0	17.3776	0
Oahu	2030-01-23-08:00	935.632	0	0	831.648	39.024	64.9603	0
Oahu	2030-01-23-10:00	1122.03	0	0	854.088	222.355	45.5877	0
Oahu	2030-01-23-12:00	1118.65	0	0	860.188	222.355	36.1119	0
Oahu	2030-01-23-14:00	1063.33	0	0	855.224	163.33	44.7761	0
Oahu	2030-01-23-16:00	926.524	0	0	850.774	18.7378	57.0129	0
Oahu	2030-01-23-18:00	989.749	0	0	910.04	0	79.709	0
Oahu	2030-01-23-20:00	907.22	0	0	835.926	0	71.2936	0
Oahu	2030-01-23-22:00	754.099	0	0	703.027	0	51.0716	0
Oahu	2030-02-23-00:00	668.704	0	0	631.778	11.8066	25.1189	0
Oahu	2030-02-23-02:00	711.978	0	0	590.978	110.652	10.3482	0
Oahu	2030-02-23-04:00	605.005	0	0	600.26	0	4.74487	0
Oahu	2030-02-23-06:00	692.373	0	0	674.995	0	17.3776	0
Oahu	2030-02-23-08:00	873.767	0	0	793.62	15.1863	64.9603	0
Oahu	2030-02-23-10:00	1047.78	0	0	842.62	159.572	45.5877	0
Oahu	2030-02-23-12:00	1102.96	0	0	844.489	222.355	36.1119	0
Oahu	2030-02-23-14:00	1060.53	0	0	841.696	174.056	44.7761	0
Oahu	2030-02-23-16:00	912.155	0	0	850.86	4.28248	57.0129	0
Oahu	2030-02-23-18:00	964.569	0	0	884.86	0	79.709	0
Oahu	2030-02-23-20:00	905.602	0	0	834.308	0	71.2936	0
Oahu	2030-02-23-22:00	791.156	0	0	740.084	0	51.0716	0
Oahu	2030-03-23-00:00	654.646	0	0	629.527	0	25.1189	0
Oahu	2030-03-23-02:00	604.174	0	0	591.77	2.05608	10.3482	0
Oahu	2030-03-23-04:00	604.081	0	0	599.336	0	4.74487	0
Oahu	2030-03-23-06:00	670.17	0	0	652.792	0	17.3776	0
Oahu	2030-03-23-08:00	825.478	0	0	760.518	0	64.9603	0
Oahu	2030-03-23-10:00	1052.54	0	0	794.096	212.855	45.5877	0
Oahu	2030-03-23-12:00	995.787	0	0	798.862	160.813	36.1119	0
Oahu	2030-03-23-14:00	1063.63	0	0	796.499	222.355	44.7761	0
Oahu	2030-03-23-16:00	932.42	0	0	805.629	69.7783	57.0129	0
Oahu	2030-03-23-18:00	916.209	0	0	836.5	0	79.709	0
Oahu	2030-03-23-20:00	883.023	0	0	811.729	0	71.2936	0
Oahu	2030-03-23-22:00	762.668	0	0	711.597	0	51.0716	0
Oahu	2030-04-23-00:00	650.735	0	0	614.653	10.9636	25.1189	0
Oahu	2030-04-23-02:00	605.021	0	0	585.683	8.99037	10.3482	0
Oahu	2030-04-23-04:00	629.617	0	0	624.872	0	4.74487	0
Oahu	2030-04-23-06:00	792.261	0	0	774.884	0	17.3776	0
Oahu	2030-04-23-08:00	941.758	0	0	856.524	20.2737	64.9603	0
Oahu	2030-04-23-10:00	1109.7	0	0	895.172	168.945	45.5877	0
Oahu	2030-04-23-12:00	1167.15	0	0	908.68	222.355	36.1119	0
Oahu	2030-04-23-14:00	1121.41	0	0	911.526	165.106	44.7761	0
Oahu	2030-04-23-16:00	991.184	0	0	904.072	30.0988	57.0129	0
Oahu	2030-04-23-18:00	984.58	0	0	904.871	0	79.709	0
Oahu	2030-04-23-20:00	939.041	0	0	867.748	0	71.2936	0
Oahu	2030-04-23-22:00	775.707	0	0	724.636	0	51.0716	0
Oahu	2030-05-23-00:00	681.43	0	0	656.311	0	25.1189	0
Oahu	2030-05-23-02:00	640.374	0	0	625.526	4.50002	10.3482	0
Oahu	2030-05-23-04:00	676.168	0	0	671.423	0	4.74487	0
Oahu	2030-05-23-06:00	836.812	0	0	819.434	0	17.3776	0
Oahu	2030-05-23-08:00	1112.08	0	0	902.712	144.41	64.9603	0
Oahu	2030-05-23-10:00	1143.97	0	0	936.244	162.14	45.5877	0
Oahu	2030-05-23-12:00	1189.11	0	0	942.984	210.012	36.1119	0
Oahu	2030-05-23-14:00	1104.97	0	0	935.306	124.883	44.7761	0
Oahu	2030-05-23-16:00	967.449	0	0	905.749	4.68764	57.0129	0
Oahu	2030-05-23-18:00	968.986	0	0	889.277	0	79.709	0
Oahu	2030-05-23-20:00	930.934	0	0	859.64	0	71.2936	0
Oahu	2030-05-23-22:00	803.911	0	0	752.839	0	51.0716	0
Oahu	2030-06-23-00:00	669.83	0	0	644.712	0	25.1189	0
Oahu	2030-06-23-02:00	653.594	0	0	613.669	29.5768	10.3482	0
Oahu	2030-06-23-04:00	684.704	0	0	654.45	25.5096	4.74487	0
Oahu	2030-06-23-06:00	807.248	0	0	789.87	0	17.3776	0
Oahu	2030-06-23-08:00	1029.54	0	0	880.443	84.1327	64.9603	0
Oahu	2030-06-23-10:00	1111.59	0	0	926.882	139.123	45.5877	0
Oahu	2030-06-23-12:00	1191.4	0	0	939.908	215.383	36.1119	0
Oahu	2030-06-23-14:00	1174.16	0	0	941.076	188.311	44.7761	0
Oahu	2030-06-23-16:00	1021.06	0	0	925.198	38.8513	57.0129	0
Oahu	2030-06-23-18:00	986.204	0	0	906.495	0	79.709	0
Oahu	2030-06-23-20:00	967.357	0	0	896.064	0	71.2936	0
Oahu	2030-06-23-22:00	812.916	0	0	761.845	0	51.0716	0
Oahu	2030-07-23-00:00	764.637	0	0	678.824	60.6941	25.1189	0
Oahu	2030-07-23-02:00	699.395	0	0	644.395	44.6521	10.3482	0
Oahu	2030-07-23-04:00	684.903	0	0	680.158	0	4.74487	0
Oahu	2030-07-23-06:00	829.899	0	0	812.522	0	17.3776	0
Oahu	2030-07-23-08:00	992.251	0	0	897.014	30.2764	64.9603	0
Oahu	2030-07-23-10:00	1199.77	0	0	944.219	209.963	45.5877	0
Oahu	2030-07-23-12:00	1212.27	0	0	953.798	222.355	36.1119	0
Oahu	2030-07-23-14:00	1104.87	0	0	950.28	109.816	44.7761	0
Oahu	2030-07-23-16:00	1074.42	0	0	941.241	76.1691	57.0129	0
Oahu	2030-07-23-18:00	1000.42	0	0	920.709	0	79.709	0
Oahu	2030-07-23-20:00	971.041	0	0	899.748	0	71.2936	0
Oahu	2030-07-23-22:00	824.589	0	0	773.517	0	51.0716	0
Oahu	2030-08-23-00:00	698.794	0	0	673.675	0	25.1189	0
Oahu	2030-08-23-02:00	643.077	0	0	632.729	0	10.3482	0
Oahu	2030-08-23-04:00	646.367	0	0	641.622	0	4.74487	0
Oahu	2030-08-23-06:00	732.955	0	0	715.578	0	17.3776	0
Oahu	2030-08-23-08:00	1017.98	0	0	839.874	113.147	64.9603	0
Oahu	2030-08-23-10:00	1084.01	0	0	886.299	152.121	45.5877	0
Oahu	2030-08-23-12:00	1143.96	0	0	889.897	217.951	36.1119	0
Oahu	2030-08-23-14:00	1073.48	0	0	886.385	142.317	44.7761	0
Oahu	2030-08-23-16:00	975.736	0	0	881.302	37.4213	57.0129	0
Oahu	2030-08-23-18:00	951.464	0	0	871.755	0	79.709	0
Oahu	2030-08-23-20:00	924.51	0	0	853.217	0	71.2936	0
Oahu	2030-08-23-22:00	819.928	0	0	768.856	0	51.0716	0
Oahu	2030-09-23-00:00	674.016	0	0	648.897	0	25.1189	0
Oahu	2030-09-23-02:00	632.428	0	0	622.08	0	10.3482	0
Oahu	2030-09-23-04:00	676.465	0	0	671.72	0	4.74487	0
Oahu	2030-09-23-06:00	834.012	0	0	816.635	0	17.3776	0
Oahu	2030-09-23-08:00	1040.25	0	0	894.281	81.0039	64.9603	0
Oahu	2030-09-23-10:00	1090.25	0	0	927.826	116.839	45.5877	0
Oahu	2030-09-23-12:00	1189.1	0	0	943.446	209.544	36.1119	0
Oahu	2030-09-23-14:00	1138.55	0	0	944.285	149.487	44.7761	0
Oahu	2030-09-23-16:00	1095.2	0	0	929.259	108.926	57.0129	0
Oahu	2030-09-23-18:00	1038.03	0	0	958.321	0	79.709	0
Oahu	2030-09-23-20:00	949.05	0	0	877.756	0	71.2936	0
Oahu	2030-09-23-22:00	791.843	0	0	740.771	0	51.0716	0
Oahu	2030-10-23-00:00	670.669	0	0	645.55	0	25.1189	0
Oahu	2030-10-23-02:00	637.89	0	0	617.326	10.215	10.3482	0
Oahu	2030-10-23-04:00	660.158	0	0	655.413	0	4.74487	0
Oahu	2030-10-23-06:00	815.362	0	0	797.984	0	17.3776	0
Oahu	2030-10-23-08:00	1010.6	0	0	870.864	74.7748	64.9603	0
Oahu	2030-10-23-10:00	1158.72	0	0	906	207.135	45.5877	0
Oahu	2030-10-23-12:00	1176.53	0	0	919.296	221.122	36.1119	0
Oahu	2030-10-23-14:00	1123.63	0	0	916.081	162.769	44.7761	0
Oahu	2030-10-23-16:00	960.326	0	0	903.313	0	57.0129	0
Oahu	2030-10-23-18:00	1017.27	0	0	937.564	0	79.709	0
Oahu	2030-10-23-20:00	931.383	0	0	860.089	0	71.2936	0
Oahu	2030-10-23-22:00	789.182	0	0	738.11	0	51.0716	0
Oahu	2030-11-23-00:00	643.653	0	0	618.535	0	25.1189	0
Oahu	2030-11-23-02:00	600.705	0	0	590.357	0	10.3482	0
Oahu	2030-11-23-04:00	609.118	0	0	604.373	0	4.74487	0
Oahu	2030-11-23-06:00	679.274	0	0	661.897	0	17.3776	0
Oahu	2030-11-23-08:00	914.794	0	0	768.724	81.1099	64.9603	0
Oahu	2030-11-23-10:00	1026.61	0	0	817.691	163.33	45.5877	0
Oahu	2030-11-23-12:00	1071.87	0	0	813.4	222.355	36.1119	0
Oahu	2030-11-23-14:00	1049.04	0	0	805.26	199.006	44.7761	0
Oahu	2030-11-23-16:00	883.254	0	0	826.241	0	57.0129	0
Oahu	2030-11-23-18:00	974.056	0	0	894.347	0	79.709	0
Oahu	2030-11-23-20:00	895.23	0	0	823.937	0	71.2936	0
Oahu	2030-11-23-22:00	764.352	0	0	713.28	0	51.0716	0
Oahu	2030-12-23-00:00	646.789	0	0	621.67	0	25.1189	0
Oahu	2030-12-23-02:00	595.041	0	0	584.693	0	10.3482	0
Oahu	2030-12-23-04:00	629.571	0	0	624.826	0	4.74487	0
Oahu	2030-12-23-06:00	772.052	0	0	754.675	0	17.3776	0
Oahu	2030-12-23-08:00	903.672	0	0	838.712	0	64.9603	0
Oahu	2030-12-23-10:00	1062.97	0	0	877.03	140.353	45.5877	0
Oahu	2030-12-23-12:00	1098.24	0	0	877.717	184.407	36.1119	0
Oahu	2030-12-23-14:00	1139.48	0	0	872.349	222.355	44.7761	0
Oahu	2030-12-23-16:00	917.3	0	0	860.287	0	57.0129	0
Oahu	2030-12-23-18:00	983.801	0	0	904.092	0	79.709	0
Oahu	2030-12-23-20:00	914.66	0	0	843.366	0	71.2936	0
Oahu	2030-12-23-22:00	792.298	0	0	741.227	0	51.0716	0
Oahu	2035-01-23-00:00	656.956	0	0	618.938	0	38.0178	0
Oahu	2035-01-23-02:00	606.194	0	0	589.148	1.38321	15.6621	0
Oahu	2035-01-23-04:00	645.046	0	0	637.865	0	7.18142	0
Oahu	2035-01-23-06:00	832.101	0	0	805.8	0	26.3012	0
Oahu	2035-01-23-08:00	1017.17	0	0	849.447	69.4086	98.3183	0
Oahu	2035-01-23-10:00	1276.82	0	0	872.639	335.188	68.9976	0
Oahu	2035-01-23-12:00	1235.01	0	0	878.943	301.413	54.6559	0
Oahu	2035-01-23-14:00	1157.57	0	0	873.812	215.993	67.7692	0
Oahu	2035-01-23-16:00	977.733	0	0	869.213	22.2298	86.2897	0
Oahu	2035-01-23-18:00	1051.1	0	0	930.464	0	120.641	0
Oahu	2035-01-23-20:00	961.772	0	0	853.868	0	107.904	0
Oahu	2035-01-23-22:00	793.818	0	0	716.521	0	77.2976	0
Oahu	2035-02-23-00:00	680.904	0	0	642.887	0	38.0178	0
Oahu	2035-02-23-02:00	712.09	0	0	600.72	95.7072	15.6621	0
Oahu	2035-02-23-04:00	617.495	0	0	610.313	0	7.18142	0
Oahu	2035-02-23-06:00	713.851	0	0	687.55	0	26.3012	0
Oahu	2035-02-23-08:00	1041.31	0	0	810.146	132.842	98.3183	0
Oahu	2035-02-23-10:00	1224.49	0	0	860.787	294.705	68.9976	0
Oahu	2035-02-23-12:00	1211.25	0	0	862.718	293.881	54.6559	0
Oahu	2035-02-23-14:00	1256.65	0	0	859.832	329.046	67.7692	0
Oahu	2035-02-23-16:00	1088.35	0	0	869.302	132.763	86.2897	0
Oahu	2035-02-23-18:00	1025.08	0	0	904.441	0	120.641	0
Oahu	2035-02-23-20:00	960.101	0	0	852.197	0	107.904	0
Oahu	2035-02-23-22:00	832.116	0	0	754.819	0	77.2976	0
Oahu	2035-03-23-00:00	678.578	0	0	640.56	0	38.0178	0
Oahu	2035-03-23-02:00	617.201	0	0	601.539	0	15.6621	0
Oahu	2035-03-23-04:00	616.54	0	0	609.358	0	7.18142	0
Oahu	2035-03-23-06:00	690.906	0	0	664.604	0	26.3012	0
Oahu	2035-03-23-08:00	1382.77	0	0	775.936	508.513	98.3183	0
Oahu	2035-03-23-10:00	1438.78	0	0	810.638	559.141	68.9976	0
Oahu	2035-03-23-12:00	1513.21	0	0	815.564	642.99	54.6559	0
Oahu	2035-03-23-14:00	1482.4	0	0	813.121	601.507	67.7692	0
Oahu	2035-03-23-16:00	1521.67	0	0	822.558	612.821	86.2897	0
Oahu	2035-03-23-18:00	975.103	0	0	854.462	0	120.641	0
Oahu	2035-03-23-20:00	936.766	0	0	828.862	0	107.904	0
Oahu	2035-03-23-22:00	802.675	0	0	725.377	0	77.2976	0
Oahu	2035-04-23-00:00	663.205	0	0	625.188	0	38.0178	0
Oahu	2035-04-23-02:00	610.91	0	0	595.248	0	15.6621	0
Oahu	2035-04-23-04:00	642.931	0	0	635.75	0	7.18142	0
Oahu	2035-04-23-06:00	817.084	0	0	790.783	0	26.3012	0
Oahu	2035-04-23-08:00	1125.14	0	0	875.156	151.662	98.3183	0
Oahu	2035-04-23-10:00	1336.19	0	0	915.098	352.094	68.9976	0
Oahu	2035-04-23-12:00	1268.8	0	0	929.058	285.089	54.6559	0
Oahu	2035-04-23-14:00	1293.95	0	0	931.999	294.181	67.7692	0
Oahu	2035-04-23-16:00	1110.8	0	0	924.296	100.211	86.2897	0
Oahu	2035-04-23-18:00	1045.76	0	0	925.121	0	120.641	0
Oahu	2035-04-23-20:00	994.659	0	0	886.755	0	107.904	0
Oahu	2035-04-23-22:00	816.15	0	0	738.853	0	77.2976	0
Oahu	2035-05-23-00:00	706.259	0	0	668.241	0	38.0178	0
Oahu	2035-05-23-02:00	652.087	0	0	636.425	0	15.6621	0
Oahu	2035-05-23-04:00	691.04	0	0	683.859	0	7.18142	0
Oahu	2035-05-23-06:00	863.126	0	0	836.825	0	26.3012	0
Oahu	2035-05-23-08:00	1259.56	0	0	922.89	238.356	98.3183	0
Oahu	2035-05-23-10:00	1290.69	0	0	957.544	264.152	68.9976	0
Oahu	2035-05-23-12:00	1369.18	0	0	964.511	350.014	54.6559	0
Oahu	2035-05-23-14:00	1226.21	0	0	956.576	201.869	67.7692	0
Oahu	2035-05-23-16:00	1079.09	0	0	926.029	66.7675	86.2897	0
Oahu	2035-05-23-18:00	1029.65	0	0	909.005	0	120.641	0
Oahu	2035-05-23-20:00	986.281	0	0	878.377	0	107.904	0
Oahu	2035-05-23-22:00	845.298	0	0	768.001	0	77.2976	0
Oahu	2035-06-23-00:00	694.271	0	0	656.253	0	38.0178	0
Oahu	2035-06-23-02:00	639.833	0	0	624.171	0	15.6621	0
Oahu	2035-06-23-04:00	684.83	0	0	666.317	11.3312	7.18142	0
Oahu	2035-06-23-06:00	832.572	0	0	806.271	0	26.3012	0
Oahu	2035-06-23-08:00	1163.45	0	0	899.876	165.255	98.3183	0
Oahu	2035-06-23-10:00	1287.87	0	0	947.869	271.007	68.9976	0
Oahu	2035-06-23-12:00	1361.66	0	0	961.331	345.671	54.6559	0
Oahu	2035-06-23-14:00	1336.78	0	0	962.539	306.476	67.7692	0
Oahu	2035-06-23-16:00	1127.25	0	0	946.13	94.8272	86.2897	0
Oahu	2035-06-23-18:00	1047.44	0	0	926.8	0	120.641	0
Oahu	2035-06-23-20:00	1023.92	0	0	916.019	0	107.904	0
Oahu	2035-06-23-22:00	854.605	0	0	777.307	0	77.2976	0
Oahu	2035-07-23-00:00	764.834	0	0	691.508	35.3091	38.0178	0
Oahu	2035-07-23-02:00	699.561	0	0	655.925	27.9738	15.6621	0
Oahu	2035-07-23-04:00	700.067	0	0	692.886	0	7.18142	0
Oahu	2035-07-23-06:00	855.982	0	0	829.681	0	26.3012	0
Oahu	2035-07-23-08:00	1040.03	0	0	917.002	24.7097	98.3183	0
Oahu	2035-07-23-10:00	1333.66	0	0	965.787	298.877	68.9976	0
Oahu	2035-07-23-12:00	1338.48	0	0	975.687	308.141	54.6559	0
Oahu	2035-07-23-14:00	1224.42	0	0	972.05	184.605	67.7692	0
Oahu	2035-07-23-16:00	1161.94	0	0	962.71	112.937	86.2897	0
Oahu	2035-07-23-18:00	1062.13	0	0	941.49	0	120.641	0
Oahu	2035-07-23-20:00	1027.73	0	0	919.827	0	107.904	0
Oahu	2035-07-23-22:00	866.668	0	0	789.37	0	77.2976	0
Oahu	2035-08-23-00:00	724.203	0	0	686.186	0	38.0178	0
Oahu	2035-08-23-02:00	659.531	0	0	643.869	0	15.6621	0
Oahu	2035-08-23-04:00	660.241	0	0	653.06	0	7.18142	0
Oahu	2035-08-23-06:00	755.793	0	0	729.491	0	26.3012	0
Oahu	2035-08-23-08:00	1213	0	0	857.949	256.737	98.3183	0
Oahu	2035-08-23-10:00	1123.42	0	0	905.928	148.495	68.9976	0
Oahu	2035-08-23-12:00	1325.21	0	0	909.647	360.91	54.6559	0
Oahu	2035-08-23-14:00	1283.21	0	0	906.017	309.42	67.7692	0
Oahu	2035-08-23-16:00	1094.73	0	0	900.763	107.674	86.2897	0
Oahu	2035-08-23-18:00	1011.54	0	0	890.897	0	120.641	0
Oahu	2035-08-23-20:00	979.642	0	0	871.738	0	107.904	0
Oahu	2035-08-23-22:00	861.851	0	0	784.553	0	77.2976	0
Oahu	2035-09-23-00:00	698.597	0	0	660.579	0	38.0178	0
Oahu	2035-09-23-02:00	648.526	0	0	632.864	0	15.6621	0
Oahu	2035-09-23-04:00	691.347	0	0	684.166	0	7.18142	0
Oahu	2035-09-23-06:00	860.233	0	0	833.932	0	26.3012	0
Oahu	2035-09-23-08:00	1189.32	0	0	914.177	176.826	98.3183	0
Oahu	2035-09-23-10:00	1198.6	0	0	948.845	180.759	68.9976	0
Oahu	2035-09-23-12:00	1365.9	0	0	964.988	346.257	54.6559	0
Oahu	2035-09-23-14:00	1318	0	0	965.855	284.378	67.7692	0
Oahu	2035-09-23-16:00	1231.63	0	0	950.326	195.016	86.2897	0
Oahu	2035-09-23-18:00	1101	0	0	980.361	0	120.641	0
Oahu	2035-09-23-20:00	1005	0	0	897.099	0	107.904	0
Oahu	2035-09-23-22:00	832.826	0	0	755.528	0	77.2976	0
Oahu	2035-10-23-00:00	695.137	0	0	657.119	0	38.0178	0
Oahu	2035-10-23-02:00	643.613	0	0	627.951	0	15.6621	0
Oahu	2035-10-23-04:00	674.495	0	0	667.313	0	7.18142	0
Oahu	2035-10-23-06:00	840.958	0	0	814.656	0	26.3012	0
Oahu	2035-10-23-08:00	1186.95	0	0	889.976	198.653	98.3183	0
Oahu	2035-10-23-10:00	1333.06	0	0	926.288	337.772	68.9976	0
Oahu	2035-10-23-12:00	1355.6	0	0	940.03	360.91	54.6559	0
Oahu	2035-10-23-14:00	1290.38	0	0	936.707	285.901	67.7692	0
Oahu	2035-10-23-16:00	1009.8	0	0	923.511	0	86.2897	0
Oahu	2035-10-23-18:00	1079.55	0	0	958.909	0	120.641	0
Oahu	2035-10-23-20:00	986.745	0	0	878.841	0	107.904	0
Oahu	2035-10-23-22:00	830.076	0	0	752.778	0	77.2976	0
Oahu	2035-11-23-00:00	667.217	0	0	629.2	0	38.0178	0
Oahu	2035-11-23-02:00	615.741	0	0	600.079	0	15.6621	0
Oahu	2035-11-23-04:00	621.746	0	0	614.564	0	7.18142	0
Oahu	2035-11-23-06:00	700.315	0	0	674.013	0	26.3012	0
Oahu	2035-11-23-08:00	1079.5	0	0	784.417	196.767	98.3183	0
Oahu	2035-11-23-10:00	1177.98	0	0	835.023	273.957	68.9976	0
Oahu	2035-11-23-12:00	1246.15	0	0	830.588	360.91	54.6559	0
Oahu	2035-11-23-14:00	1183.85	0	0	822.175	293.907	67.7692	0
Oahu	2035-11-23-16:00	977.864	0	0	843.859	47.7156	86.2897	0
Oahu	2035-11-23-18:00	1034.89	0	0	914.246	0	120.641	0
Oahu	2035-11-23-20:00	949.382	0	0	841.478	0	107.904	0
Oahu	2035-11-23-22:00	804.415	0	0	727.117	0	77.2976	0
Oahu	2035-12-23-00:00	670.458	0	0	632.441	0	38.0178	0
Oahu	2035-12-23-02:00	609.887	0	0	594.225	0	15.6621	0
Oahu	2035-12-23-04:00	642.883	0	0	635.702	0	7.18142	0
Oahu	2035-12-23-06:00	796.199	0	0	769.897	0	26.3012	0
Oahu	2035-12-23-08:00	955.066	0	0	856.748	0	98.3183	0
Oahu	2035-12-23-10:00	1199.97	0	0	896.349	234.62	68.9976	0
Oahu	2035-12-23-12:00	1251.17	0	0	897.058	299.46	54.6559	0
Oahu	2035-12-23-14:00	1320.19	0	0	891.511	360.91	67.7692	0
Oahu	2035-12-23-16:00	1008.53	0	0	879.046	43.1972	86.2897	0
Oahu	2035-12-23-18:00	1044.96	0	0	924.316	0	120.641	0
Oahu	2035-12-23-20:00	969.462	0	0	861.558	0	107.904	0
Oahu	2035-12-23-22:00	833.296	0	0	755.999	0	77.2976	0
Oahu	2040-01-23-00:00	698.923	0	0	647.395	0	51.5278	0
Oahu	2040-01-23-02:00	672.297	0	0	617.64	33.4293	21.2277	0
Oahu	2040-01-23-04:00	676.033	0	0	666.3	0	9.73339	0
Oahu	2040-01-23-06:00	869.686	0	0	834.039	0	35.6475	0
Oahu	2040-01-23-08:00	1148.23	0	0	877.635	137.34	133.256	0
Oahu	2040-01-23-10:00	1449.73	0	0	900.799	455.41	93.5164	0
Oahu	2040-01-23-12:00	1250.49	0	0	907.096	269.319	74.0782	0
Oahu	2040-01-23-14:00	1198.73	0	0	901.971	204.903	91.8514	0
Oahu	2040-01-23-16:00	1083.28	0	0	897.378	68.9506	116.953	0
Oahu	2040-01-23-18:00	1122.07	0	0	958.557	0	163.511	0
Oahu	2040-01-23-20:00	1028.3	0	0	882.051	0	146.248	0
Oahu	2040-01-23-22:00	849.63	0	0	744.864	0	104.766	0
Oahu	2040-02-23-00:00	722.843	0	0	671.316	0	51.5278	0
Oahu	2040-02-23-02:00	650.426	0	0	629.199	0	21.2277	0
Oahu	2040-02-23-04:00	648.514	0	0	638.781	0	9.73339	0
Oahu	2040-02-23-06:00	751.575	0	0	715.927	0	35.6475	0
Oahu	2040-02-23-08:00	1225.41	0	0	838.38	253.777	133.256	0
Oahu	2040-02-23-10:00	1432.52	0	0	888.961	450.043	93.5164	0
Oahu	2040-02-23-12:00	1553.01	0	0	890.89	588.038	74.0782	0
Oahu	2040-02-23-14:00	1555.81	0	0	888.007	575.954	91.8514	0
Oahu	2040-02-23-16:00	1444.04	0	0	897.467	429.622	116.953	0
Oahu	2040-02-23-18:00	1096.08	0	0	932.564	0	163.511	0
Oahu	2040-02-23-20:00	1026.63	0	0	880.381	0	146.248	0
Oahu	2040-02-23-22:00	887.883	0	0	783.117	0	104.766	0
Oahu	2040-03-23-00:00	720.52	0	0	668.992	0	51.5278	0
Oahu	2040-03-23-02:00	651.244	0	0	630.016	0	21.2277	0
Oahu	2040-03-23-04:00	647.56	0	0	637.827	0	9.73339	0
Oahu	2040-03-23-06:00	728.656	0	0	693.008	0	35.6475	0
Oahu	2040-03-23-08:00	1639.98	0	0	804.209	702.513	133.256	0
Oahu	2040-03-23-10:00	1960.61	0	0	838.871	1028.22	93.5164	0
Oahu	2040-03-23-12:00	1838.97	0	0	843.791	921.097	74.0782	0
Oahu	2040-03-23-14:00	1953.54	0	0	841.351	1020.34	91.8514	0
Oahu	2040-03-23-16:00	1995.95	0	0	850.777	1028.22	116.953	0
Oahu	2040-03-23-18:00	1046.15	0	0	882.644	0	163.511	0
Oahu	2040-03-23-20:00	1003.32	0	0	857.074	0	146.248	0
Oahu	2040-03-23-22:00	858.476	0	0	753.71	0	104.766	0
Oahu	2040-04-23-00:00	705.165	0	0	653.637	0	51.5278	0
Oahu	2040-04-23-02:00	644.961	0	0	623.733	0	21.2277	0
Oahu	2040-04-23-04:00	673.921	0	0	664.187	0	9.73339	0
Oahu	2040-04-23-06:00	854.686	0	0	819.039	0	35.6475	0
Oahu	2040-04-23-08:00	1512.61	0	0	903.314	476.04	133.256	0
Oahu	2040-04-23-10:00	1558.11	0	0	943.209	521.385	93.5164	0
Oahu	2040-04-23-12:00	1579.21	0	0	957.153	547.974	74.0782	0
Oahu	2040-04-23-14:00	1414.97	0	0	960.09	363.028	91.8514	0
Oahu	2040-04-23-16:00	1413.99	0	0	952.396	344.641	116.953	0
Oahu	2040-04-23-18:00	1116.73	0	0	953.221	0	163.511	0
Oahu	2040-04-23-20:00	1061.15	0	0	914.9	0	146.248	0
Oahu	2040-04-23-22:00	871.935	0	0	767.17	0	104.766	0
Oahu	2040-05-23-00:00	748.168	0	0	696.64	0	51.5278	0
Oahu	2040-05-23-02:00	686.09	0	0	664.862	0	21.2277	0
Oahu	2040-05-23-04:00	721.974	0	0	712.24	0	9.73339	0
Oahu	2040-05-23-06:00	900.674	0	0	865.027	0	35.6475	0
Oahu	2040-05-23-08:00	1629.85	0	0	950.992	545.6	133.256	0
Oahu	2040-05-23-10:00	1508.96	0	0	985.606	429.836	93.5164	0
Oahu	2040-05-23-12:00	1696.86	0	0	992.564	630.221	74.0782	0
Oahu	2040-05-23-14:00	1423.45	0	0	984.638	346.96	91.8514	0
Oahu	2040-05-23-16:00	1234.29	0	0	954.127	163.207	116.953	0
Oahu	2040-05-23-18:00	1100.63	0	0	937.123	0	163.511	0
Oahu	2040-05-23-20:00	1052.78	0	0	906.531	0	146.248	0
Oahu	2040-05-23-22:00	901.049	0	0	796.283	0	104.766	0
Oahu	2040-06-23-00:00	736.194	0	0	684.666	0	51.5278	0
Oahu	2040-06-23-02:00	673.85	0	0	652.622	0	21.2277	0
Oahu	2040-06-23-04:00	704.452	0	0	694.719	0	9.73339	0
Oahu	2040-06-23-06:00	870.157	0	0	834.509	0	35.6475	0
Oahu	2040-06-23-08:00	1851.89	0	0	928.005	790.627	133.256	0
Oahu	2040-06-23-10:00	1616.9	0	0	975.942	547.444	93.5164	0
Oahu	2040-06-23-12:00	1737.38	0	0	989.388	673.914	74.0782	0
Oahu	2040-06-23-14:00	1609.54	0	0	990.594	527.098	91.8514	0
Oahu	2040-06-23-16:00	1642.89	0	0	974.204	551.737	116.953	0
Oahu	2040-06-23-18:00	1118.41	0	0	954.897	0	163.511	0
Oahu	2040-06-23-20:00	1090.38	0	0	944.129	0	146.248	0
Oahu	2040-06-23-22:00	910.345	0	0	805.579	0	104.766	0
Oahu	2040-07-23-00:00	771.408	0	0	719.88	0	51.5278	0
Oahu	2040-07-23-02:00	705.567	0	0	684.339	0	21.2277	0
Oahu	2040-07-23-04:00	730.99	0	0	721.256	0	9.73339	0
Oahu	2040-07-23-06:00	893.539	0	0	857.892	0	35.6475	0
Oahu	2040-07-23-08:00	1078.37	0	0	945.111	0	133.256	0
Oahu	2040-07-23-10:00	1496.53	0	0	993.838	409.172	93.5164	0
Oahu	2040-07-23-12:00	1302.62	0	0	1003.73	224.819	74.0782	0
Oahu	2040-07-23-14:00	1341.43	0	0	1000.09	249.482	91.8514	0
Oahu	2040-07-23-16:00	1523.97	0	0	990.765	416.256	116.953	0
Oahu	2040-07-23-18:00	1133.08	0	0	969.57	0	163.511	0
Oahu	2040-07-23-20:00	1094.18	0	0	947.932	0	146.248	0
Oahu	2040-07-23-22:00	922.394	0	0	817.628	0	104.766	0
Oahu	2040-08-23-00:00	766.092	0	0	714.564	0	51.5278	0
Oahu	2040-08-23-02:00	693.525	0	0	672.297	0	21.2277	0
Oahu	2040-08-23-04:00	691.21	0	0	681.477	0	9.73339	0
Oahu	2040-08-23-06:00	793.467	0	0	757.819	0	35.6475	0
Oahu	2040-08-23-08:00	1687.58	0	0	886.126	668.193	133.256	0
Oahu	2040-08-23-10:00	1265.7	0	0	934.05	238.138	93.5164	0
Oahu	2040-08-23-12:00	1662.85	0	0	937.764	651.006	74.0782	0
Oahu	2040-08-23-14:00	1416.38	0	0	934.139	390.395	91.8514	0
Oahu	2040-08-23-16:00	1395.55	0	0	928.891	349.702	116.953	0
Oahu	2040-08-23-18:00	1082.55	0	0	919.036	0	163.511	0
Oahu	2040-08-23-20:00	1046.15	0	0	899.9	0	146.248	0
Oahu	2040-08-23-22:00	917.583	0	0	812.817	0	104.766	0
Oahu	2040-09-23-00:00	740.515	0	0	688.987	0	51.5278	0
Oahu	2040-09-23-02:00	682.532	0	0	661.304	0	21.2277	0
Oahu	2040-09-23-04:00	722.28	0	0	712.547	0	9.73339	0
Oahu	2040-09-23-06:00	897.785	0	0	862.137	0	35.6475	0
Oahu	2040-09-23-08:00	1645.11	0	0	942.289	569.568	133.256	0
Oahu	2040-09-23-10:00	1607.51	0	0	976.917	537.073	93.5164	0
Oahu	2040-09-23-12:00	1958.04	0	0	993.041	890.922	74.0782	0
Oahu	2040-09-23-14:00	1629.5	0	0	993.907	543.744	91.8514	0
Oahu	2040-09-23-16:00	1769.26	0	0	978.395	673.914	116.953	0
Oahu	2040-09-23-18:00	1171.91	0	0	1008.4	0	163.511	0
Oahu	2040-09-23-20:00	1071.48	0	0	925.231	0	146.248	0
Oahu	2040-09-23-22:00	888.591	0	0	783.826	0	104.766	0
Oahu	2040-10-23-00:00	737.06	0	0	685.532	0	51.5278	0
Oahu	2040-10-23-02:00	677.625	0	0	656.398	0	21.2277	0
Oahu	2040-10-23-04:00	705.447	0	0	695.714	0	9.73339	0
Oahu	2040-10-23-06:00	878.532	0	0	842.885	0	35.6475	0
Oahu	2040-10-23-08:00	1926.65	0	0	918.116	875.28	133.256	0
Oahu	2040-10-23-10:00	1997.49	0	0	954.386	949.583	93.5164	0
Oahu	2040-10-23-12:00	1857.75	0	0	968.112	815.559	74.0782	0
Oahu	2040-10-23-14:00	1967.33	0	0	964.793	910.682	91.8514	0
Oahu	2040-10-23-16:00	1232.12	0	0	951.612	163.554	116.953	0
Oahu	2040-10-23-18:00	1150.48	0	0	986.969	0	163.511	0
Oahu	2040-10-23-20:00	1053.24	0	0	906.994	0	146.248	0
Oahu	2040-10-23-22:00	885.845	0	0	781.079	0	104.766	0
Oahu	2040-11-23-00:00	709.172	0	0	657.645	0	51.5278	0
Oahu	2040-11-23-02:00	649.786	0	0	628.558	0	21.2277	0
Oahu	2040-11-23-04:00	652.76	0	0	643.026	0	9.73339	0
Oahu	2040-11-23-06:00	738.054	0	0	702.406	0	35.6475	0
Oahu	2040-11-23-08:00	1287.96	0	0	812.681	342.019	133.256	0
Oahu	2040-11-23-10:00	1271.8	0	0	863.228	315.06	93.5164	0
Oahu	2040-11-23-12:00	1444.46	0	0	858.798	511.587	74.0782	0
Oahu	2040-11-23-14:00	1263.34	0	0	850.395	321.092	91.8514	0
Oahu	2040-11-23-16:00	1176.74	0	0	872.053	187.731	116.953	0
Oahu	2040-11-23-18:00	1105.87	0	0	942.357	0	163.511	0
Oahu	2040-11-23-20:00	1015.92	0	0	869.675	0	146.248	0
Oahu	2040-11-23-22:00	860.213	0	0	755.448	0	104.766	0
Oahu	2040-12-23-00:00	712.41	0	0	660.882	0	51.5278	0
Oahu	2040-12-23-02:00	643.938	0	0	622.711	0	21.2277	0
Oahu	2040-12-23-04:00	673.873	0	0	664.139	0	9.73339	0
Oahu	2040-12-23-06:00	833.826	0	0	798.178	0	35.6475	0
Oahu	2040-12-23-08:00	1018.18	0	0	884.927	0	133.256	0
Oahu	2040-12-23-10:00	1368.78	0	0	924.482	350.781	93.5164	0
Oahu	2040-12-23-12:00	1513.33	0	0	925.19	514.06	74.0782	0
Oahu	2040-12-23-14:00	1674.55	0	0	919.65	663.053	91.8514	0
Oahu	2040-12-23-16:00	1200.17	0	0	907.199	176.015	116.953	0
Oahu	2040-12-23-18:00	1115.93	0	0	952.416	0	163.511	0
Oahu	2040-12-23-20:00	1035.98	0	0	889.732	0	146.248	0
Oahu	2040-12-23-22:00	889.062	0	0	784.296	0	104.766	0
Oahu	2045-01-23-00:00	727.435	0	0	661.515	0	65.9202	0
Oahu	2045-01-23-02:00	657.936	0	0	630.779	0	27.157	0
Oahu	2045-01-23-04:00	693.495	0	0	681.043	0	12.4521	0
Oahu	2045-01-23-06:00	899.918	0	0	854.313	0	45.6044	0
Oahu	2045-01-23-08:00	1316.64	0	0	899.347	246.816	170.477	0
Oahu	2045-01-23-10:00	2204.36	0	0	923.275	1161.45	119.637	0
Oahu	2045-01-23-12:00	2280.84	0	0	929.78	1256.29	94.7694	0
Oahu	2045-01-23-14:00	2007.65	0	0	924.486	965.659	117.507	0
Oahu	2045-01-23-16:00	1217.39	0	0	919.741	148.033	149.62	0
Oahu	2045-01-23-18:00	1192.12	0	0	982.937	0	209.182	0
Oahu	2045-01-23-20:00	1091.01	0	0	903.909	0	187.097	0
Oahu	2045-01-23-22:00	896.226	0	0	762.198	0	134.028	0
Oahu	2045-02-23-00:00	752.145	0	0	686.224	0	65.9202	0
Oahu	2045-02-23-02:00	669.876	0	0	642.719	0	27.157	0
Oahu	2045-02-23-04:00	665.069	0	0	652.617	0	12.4521	0
Oahu	2045-02-23-06:00	777.911	0	0	732.307	0	45.6044	0
Oahu	2045-02-23-08:00	1545.95	0	0	858.798	516.68	170.477	0
Oahu	2045-02-23-10:00	2288.99	0	0	911.047	1258.3	119.637	0
Oahu	2045-02-23-12:00	2465.1	0	0	913.039	1457.29	94.7694	0
Oahu	2045-02-23-14:00	2205.82	0	0	910.061	1178.25	117.507	0
Oahu	2045-02-23-16:00	1707.07	0	0	919.833	637.622	149.62	0
Oahu	2045-02-23-18:00	1165.27	0	0	956.088	0	209.182	0
Oahu	2045-02-23-20:00	1089.28	0	0	902.184	0	187.097	0
Oahu	2045-02-23-22:00	935.741	0	0	801.712	0	134.028	0
Oahu	2045-03-23-00:00	749.744	0	0	683.824	0	65.9202	0
Oahu	2045-03-23-02:00	670.72	0	0	643.563	0	27.157	0
Oahu	2045-03-23-04:00	664.083	0	0	651.631	0	12.4521	0
Oahu	2045-03-23-06:00	754.236	0	0	708.632	0	45.6044	0
Oahu	2045-03-23-08:00	1565.63	0	0	823.5	571.648	170.477	0
Oahu	2045-03-23-10:00	978.942	0	0	859.305	0	119.637	0
Oahu	2045-03-23-12:00	2439.95	0	0	864.387	1480.79	94.7694	0
Oahu	2045-03-23-14:00	2362	0	0	861.867	1382.63	117.507	0
Oahu	2045-03-23-16:00	1786.79	0	0	871.603	765.57	149.62	0
Oahu	2045-03-23-18:00	1113.7	0	0	904.521	0	209.182	0
Oahu	2045-03-23-20:00	1065.21	0	0	878.108	0	187.097	0
Oahu	2045-03-23-22:00	905.364	0	0	771.335	0	134.028	0
Oahu	2045-04-23-00:00	733.883	0	0	667.963	0	65.9202	0
Oahu	2045-04-23-02:00	664.23	0	0	637.073	0	27.157	0
Oahu	2045-04-23-04:00	691.313	0	0	678.861	0	12.4521	0
Oahu	2045-04-23-06:00	884.423	0	0	838.819	0	45.6044	0
Oahu	2045-04-23-08:00	1748.37	0	0	925.873	652.02	170.477	0
Oahu	2045-04-23-10:00	2352.29	0	0	967.084	1265.57	119.637	0
Oahu	2045-04-23-12:00	2374.59	0	0	981.487	1298.33	94.7694	0
Oahu	2045-04-23-14:00	2320.77	0	0	984.521	1218.74	117.507	0
Oahu	2045-04-23-16:00	1739.69	0	0	976.573	613.499	149.62	0
Oahu	2045-04-23-18:00	1186.61	0	0	977.425	0	209.182	0
Oahu	2045-04-23-20:00	1124.94	0	0	937.84	0	187.097	0
Oahu	2045-04-23-22:00	919.268	0	0	785.239	0	134.028	0
Oahu	2045-05-23-00:00	778.305	0	0	712.384	0	65.9202	0
Oahu	2045-05-23-02:00	706.715	0	0	679.558	0	27.157	0
Oahu	2045-05-23-04:00	740.95	0	0	728.498	0	12.4521	0
Oahu	2045-05-23-06:00	931.928	0	0	886.323	0	45.6044	0
Oahu	2045-05-23-08:00	1979.43	0	0	975.123	833.829	170.477	0
Oahu	2045-05-23-10:00	2183.99	0	0	1010.88	1053.47	119.637	0
Oahu	2045-05-23-12:00	2355.96	0	0	1018.07	1243.12	94.7694	0
Oahu	2045-05-23-14:00	2012.68	0	0	1009.88	885.297	117.507	0
Oahu	2045-05-23-16:00	1424.89	0	0	978.361	296.906	149.62	0
Oahu	2045-05-23-18:00	1169.98	0	0	960.797	0	209.182	0
Oahu	2045-05-23-20:00	1116.29	0	0	929.196	0	187.097	0
Oahu	2045-05-23-22:00	949.341	0	0	815.313	0	134.028	0
Oahu	2045-06-23-00:00	765.936	0	0	700.015	0	65.9202	0
Oahu	2045-06-23-02:00	694.071	0	0	666.914	0	27.157	0
Oahu	2045-06-23-04:00	722.851	0	0	710.399	0	12.4521	0
Oahu	2045-06-23-06:00	900.404	0	0	854.799	0	45.6044	0
Oahu	2045-06-23-08:00	1607.94	0	0	951.378	486.09	170.477	0
Oahu	2045-06-23-10:00	2103.31	0	0	1000.9	982.779	119.637	0
Oahu	2045-06-23-12:00	2590.35	0	0	1014.79	1480.79	94.7694	0
Oahu	2045-06-23-14:00	2518.65	0	0	1016.03	1385.11	117.507	0
Oahu	2045-06-23-16:00	1148.72	0	0	999.101	0	149.62	0
Oahu	2045-06-23-18:00	1188.34	0	0	979.157	0	209.182	0
Oahu	2045-06-23-20:00	1155.13	0	0	968.034	0	187.097	0
Oahu	2045-06-23-22:00	958.944	0	0	824.915	0	134.028	0
Oahu	2045-07-23-00:00	802.31	0	0	736.39	0	65.9202	0
Oahu	2045-07-23-02:00	726.834	0	0	699.678	0	27.157	0
Oahu	2045-07-23-04:00	750.264	0	0	737.812	0	12.4521	0
Oahu	2045-07-23-06:00	924.557	0	0	878.953	0	45.6044	0
Oahu	2045-07-23-08:00	1323.08	0	0	969.048	183.556	170.477	0
Oahu	2045-07-23-10:00	2327.19	0	0	1019.38	1188.17	119.637	0
Oahu	2045-07-23-12:00	2188.29	0	0	1029.6	1063.92	94.7694	0
Oahu	2045-07-23-14:00	1914.81	0	0	1025.84	771.462	117.507	0
Oahu	2045-07-23-16:00	1669.84	0	0	1016.21	504.011	149.62	0
Oahu	2045-07-23-18:00	1203.5	0	0	994.314	0	209.182	0
Oahu	2045-07-23-20:00	1159.06	0	0	971.962	0	187.097	0
Oahu	2045-07-23-22:00	971.39	0	0	837.362	0	134.028	0
Oahu	2045-08-23-00:00	796.819	0	0	730.899	0	65.9202	0
Oahu	2045-08-23-02:00	714.395	0	0	687.238	0	27.157	0
Oahu	2045-08-23-04:00	709.173	0	0	696.721	0	12.4521	0
Oahu	2045-08-23-06:00	821.185	0	0	775.58	0	45.6044	0
Oahu	2045-08-23-08:00	2036.54	0	0	908.118	957.947	170.477	0
Oahu	2045-08-23-10:00	1926.53	0	0	957.622	849.27	119.637	0
Oahu	2045-08-23-12:00	2494.16	0	0	961.459	1437.94	94.7694	0
Oahu	2045-08-23-14:00	2171.36	0	0	957.714	1096.14	117.507	0
Oahu	2045-08-23-16:00	1808.78	0	0	952.293	706.862	149.62	0
Oahu	2045-08-23-18:00	1151.3	0	0	942.114	0	209.182	0
Oahu	2045-08-23-20:00	1109.44	0	0	922.346	0	187.097	0
Oahu	2045-08-23-22:00	966.42	0	0	832.391	0	134.028	0
Oahu	2045-09-23-00:00	770.399	0	0	704.479	0	65.9202	0
Oahu	2045-09-23-02:00	703.04	0	0	675.883	0	27.157	0
Oahu	2045-09-23-04:00	741.267	0	0	728.815	0	12.4521	0
Oahu	2045-09-23-06:00	928.943	0	0	883.338	0	45.6044	0
Oahu	2045-09-23-08:00	1750.58	0	0	966.133	613.97	170.477	0
Oahu	2045-09-23-10:00	2160.57	0	0	1001.9	1039.03	119.637	0
Oahu	2045-09-23-12:00	2594.12	0	0	1018.56	1480.79	94.7694	0
Oahu	2045-09-23-14:00	2583.08	0	0	1019.45	1446.12	117.507	0
Oahu	2045-09-23-16:00	1616.03	0	0	1003.43	462.975	149.62	0
Oahu	2045-09-23-18:00	1243.6	0	0	1034.42	0	209.182	0
Oahu	2045-09-23-20:00	1135.61	0	0	948.513	0	187.097	0
Oahu	2045-09-23-22:00	936.473	0	0	802.444	0	134.028	0
Oahu	2045-10-23-00:00	766.83	0	0	700.909	0	65.9202	0
Oahu	2045-10-23-02:00	697.971	0	0	670.814	0	27.157	0
Oahu	2045-10-23-04:00	723.879	0	0	711.427	0	12.4521	0
Oahu	2045-10-23-06:00	909.055	0	0	863.451	0	45.6044	0
Oahu	2045-10-23-08:00	2056.25	0	0	941.163	944.606	170.477	0
Oahu	2045-10-23-10:00	2579.06	0	0	978.629	1480.79	119.637	0
Oahu	2045-10-23-12:00	2546.85	0	0	992.807	1459.28	94.7694	0
Oahu	2045-10-23-14:00	2186.78	0	0	989.379	1079.89	117.507	0
Oahu	2045-10-23-16:00	1503.86	0	0	975.764	378.48	149.62	0
Oahu	2045-10-23-18:00	1221.47	0	0	1012.29	0	209.182	0
Oahu	2045-10-23-20:00	1116.77	0	0	929.674	0	187.097	0
Oahu	2045-10-23-22:00	933.636	0	0	799.607	0	134.028	0
Oahu	2045-11-23-00:00	738.023	0	0	672.103	0	65.9202	0
Oahu	2045-11-23-02:00	669.214	0	0	642.057	0	27.157	0
Oahu	2045-11-23-04:00	669.454	0	0	657.002	0	12.4521	0
Oahu	2045-11-23-06:00	763.944	0	0	718.34	0	45.6044	0
Oahu	2045-11-23-08:00	1666.74	0	0	832.251	664.01	170.477	0
Oahu	2045-11-23-10:00	2096.03	0	0	884.465	1091.93	119.637	0
Oahu	2045-11-23-12:00	2315.73	0	0	879.889	1341.07	94.7694	0
Oahu	2045-11-23-14:00	1810.47	0	0	871.209	821.752	117.507	0
Oahu	2045-11-23-16:00	1117.87	0	0	893.581	74.6723	149.62	0
Oahu	2045-11-23-18:00	1175.39	0	0	966.204	0	209.182	0
Oahu	2045-11-23-20:00	1078.22	0	0	891.124	0	187.097	0
Oahu	2045-11-23-22:00	907.159	0	0	773.131	0	134.028	0
Oahu	2045-12-23-00:00	741.367	0	0	675.447	0	65.9202	0
Oahu	2045-12-23-02:00	663.174	0	0	636.017	0	27.157	0
Oahu	2045-12-23-04:00	691.264	0	0	678.812	0	12.4521	0
Oahu	2045-12-23-06:00	862.874	0	0	817.27	0	45.6044	0
Oahu	2045-12-23-08:00	1077.36	0	0	906.879	0	170.477	0
Oahu	2045-12-23-10:00	1824.6	0	0	947.738	757.226	119.637	0
Oahu	2045-12-23-12:00	2065.94	0	0	948.471	1022.7	94.7694	0
Oahu	2045-12-23-14:00	2465.38	0	0	942.747	1405.13	117.507	0
Oahu	2045-12-23-16:00	1348.17	0	0	929.885	268.666	149.62	0
Oahu	2045-12-23-18:00	1185.78	0	0	976.594	0	209.182	0
Oahu	2045-12-23-20:00	1098.94	0	0	911.842	0	187.097	0
Oahu	2045-12-23-22:00	936.958	0	0	802.93	0	134.028	0
