load_zone	timestamp	ZoneTotalCentralDispatch	ZoneTotalDistributedDispatch	UnservedLoad	zone_demand_mw	StorageNetCharge	ChargeEVs	ShiftDemand
Oahu	2020-01-23-00:00	570.802	0	0	532.599	32.3646	5.83845	0
Oahu	2020-01-23-02:00	517.443	0	0	482.673	32.3646	2.40525	0
Oahu	2020-01-23-04:00	574.249	0	0	564.319	8.82671	1.10286	0
Oahu	2020-01-23-06:00	849.81	0	0	845.771	0	4.03911	0
Oahu	2020-01-23-08:00	934.02	0	0	918.921	0	15.0989	0
Oahu	2020-01-23-10:00	988.21	0	0	957.789	19.8247	10.5961	0
Oahu	2020-01-23-12:00	993.702	0	0	968.355	16.9533	8.39358	0
Oahu	2020-01-23-14:00	970.163	0	0	959.756	0	10.4074	0
Oahu	2020-01-23-16:00	965.3	0	0	952.049	0	13.2516	0
Oahu	2020-01-23-18:00	1073.23	0	0	1054.7	0	18.5269	0
Oahu	2020-01-23-20:00	942.902	0	0	926.331	0	16.5709	0
Oahu	2020-01-23-22:00	708.014	0	0	696.143	0	11.8707	0
Oahu	2020-02-23-00:00	610.939	0	0	572.736	32.3646	5.83845	0
Oahu	2020-02-23-02:00	536.837	0	0	502.067	32.3646	2.40525	0
Oahu	2020-02-23-04:00	528.074	0	0	518.145	8.82671	1.10286	0
Oahu	2020-02-23-06:00	651.629	0	0	647.59	0	4.03911	0
Oahu	2020-02-23-08:00	868.154	0	0	853.055	0	15.0989	0
Oahu	2020-02-23-10:00	948.522	0	0	937.926	0	10.5961	0
Oahu	2020-02-23-12:00	981.921	0	0	941.162	32.3646	8.39358	0
Oahu	2020-02-23-14:00	946.733	0	0	936.325	0	10.4074	0
Oahu	2020-02-23-16:00	965.449	0	0	952.197	0	13.2516	0
Oahu	2020-02-23-18:00	1029.61	0	0	1011.09	0	18.5269	0
Oahu	2020-02-23-20:00	940.1	0	0	923.53	0	16.5709	0
Oahu	2020-02-23-22:00	772.199	0	0	760.328	0	11.8707	0
Oahu	2020-03-23-00:00	574.675	0	0	568.836	0	5.83845	0
Oahu	2020-03-23-02:00	538.209	0	0	503.439	32.3646	2.40525	0
Oahu	2020-03-23-04:00	517.647	0	0	516.544	0	1.10286	0
Oahu	2020-03-23-06:00	617.298	0	0	609.133	4.12515	4.03911	0
Oahu	2020-03-23-08:00	810.819	0	0	795.72	0	15.0989	0
Oahu	2020-03-23-10:00	896.839	0	0	853.878	32.3646	10.5961	0
Oahu	2020-03-23-12:00	870.528	0	0	862.135	0	8.39358	0
Oahu	2020-03-23-14:00	873.15	0	0	858.041	4.70156	10.4074	0
Oahu	2020-03-23-16:00	887.107	0	0	873.856	0	13.2516	0
Oahu	2020-03-23-18:00	945.853	0	0	927.326	0	18.5269	0
Oahu	2020-03-23-20:00	900.992	0	0	884.422	0	16.5709	0
Oahu	2020-03-23-22:00	722.856	0	0	710.986	0	11.8707	0
Oahu	2020-04-23-00:00	548.911	0	0	543.073	0	5.83845	0
Oahu	2020-04-23-02:00	495.301	0	0	492.896	0	2.40525	0
Oahu	2020-04-23-04:00	593.714	0	0	560.775	31.8368	1.10286	0
Oahu	2020-04-23-06:00	824.641	0	0	820.602	0	4.03911	0
Oahu	2020-04-23-08:00	977.107	0	0	962.009	0	15.0989	0
Oahu	2020-04-23-10:00	1039.55	0	0	1028.95	0	10.5961	0
Oahu	2020-04-23-12:00	1088.88	0	0	1052.35	28.1447	8.39358	0
Oahu	2020-04-23-14:00	1067.68	0	0	1057.27	0	10.4074	0
Oahu	2020-04-23-16:00	1057.62	0	0	1044.36	0	13.2516	0
Oahu	2020-04-23-18:00	1064.27	0	0	1045.75	0	18.5269	0
Oahu	2020-04-23-20:00	998.019	0	0	981.448	0	16.5709	0
Oahu	2020-04-23-22:00	745.441	0	0	733.57	0	11.8707	0
Oahu	2020-05-23-00:00	653.431	0	0	615.228	32.3646	5.83845	0
Oahu	2020-05-23-02:00	596.676	0	0	561.907	32.3646	2.40525	0
Oahu	2020-05-23-04:00	651.333	0	0	641.403	8.82671	1.10286	0
Oahu	2020-05-23-06:00	901.805	0	0	897.766	0	4.03911	0
Oahu	2020-05-23-08:00	1057.11	0	0	1042.01	0	15.0989	0
Oahu	2020-05-23-10:00	1121.38	0	0	1100.09	10.7016	10.5961	0
Oahu	2020-05-23-12:00	1120.16	0	0	1111.76	0	8.39358	0
Oahu	2020-05-23-14:00	1118.2	0	0	1098.46	9.32946	10.4074	0
Oahu	2020-05-23-16:00	1060.52	0	0	1047.27	0	13.2516	0
Oahu	2020-05-23-18:00	1037.26	0	0	1018.74	0	18.5269	0
Oahu	2020-05-23-20:00	983.977	0	0	967.406	0	16.5709	0
Oahu	2020-05-23-22:00	794.291	0	0	782.421	0	11.8707	0
Oahu	2020-06-23-00:00	633.34	0	0	595.137	32.3646	5.83845	0
Oahu	2020-06-23-02:00	543.774	0	0	541.369	0	2.40525	0
Oahu	2020-06-23-04:00	645.471	0	0	612.004	32.3646	1.10286	0
Oahu	2020-06-23-06:00	853.528	0	0	846.56	2.92903	4.03911	0
Oahu	2020-06-23-08:00	1018.54	0	0	1003.44	0	15.0989	0
Oahu	2020-06-23-10:00	1094.47	0	0	1083.87	0	10.5961	0
Oahu	2020-06-23-12:00	1147.19	0	0	1106.43	32.3646	8.39358	0
Oahu	2020-06-23-14:00	1151.23	0	0	1108.46	32.3646	10.4074	0
Oahu	2020-06-23-16:00	1094.21	0	0	1080.96	0	13.2516	0
Oahu	2020-06-23-18:00	1067.09	0	0	1048.56	0	18.5269	0
Oahu	2020-06-23-20:00	1047.06	0	0	1030.49	0	16.5709	0
Oahu	2020-06-23-22:00	809.889	0	0	798.018	0	11.8707	0
Oahu	2020-07-23-00:00	692.425	0	0	654.222	32.3646	5.83845	0
Oahu	2020-07-23-02:00	629.358	0	0	594.588	32.3646	2.40525	0
Oahu	2020-07-23-04:00	657.635	0	0	656.532	0	1.10286	0
Oahu	2020-07-23-06:00	889.833	0	0	885.794	0	4.03911	0
Oahu	2020-07-23-08:00	1047.24	0	0	1032.14	0	15.0989	0
Oahu	2020-07-23-10:00	1127.03	0	0	1113.9	2.53473	10.5961	0
Oahu	2020-07-23-12:00	1145.18	0	0	1130.49	6.29198	8.39358	0
Oahu	2020-07-23-14:00	1134.81	0	0	1124.4	0	10.4074	0
Oahu	2020-07-23-16:00	1122	0	0	1108.74	0	13.2516	0
Oahu	2020-07-23-18:00	1091.71	0	0	1073.18	0	18.5269	0
Oahu	2020-07-23-20:00	1053.45	0	0	1036.87	0	16.5709	0
Oahu	2020-07-23-22:00	830.106	0	0	818.235	0	11.8707	0
Oahu	2020-08-23-00:00	651.141	0	0	645.303	0	5.83845	0
Oahu	2020-08-23-02:00	609.152	0	0	574.382	32.3646	2.40525	0
Oahu	2020-08-23-04:00	623.253	0	0	589.785	32.3646	1.10286	0
Oahu	2020-08-23-06:00	721.92	0	0	717.881	0	4.03911	0
Oahu	2020-08-23-08:00	948.979	0	0	933.169	0.710988	15.0989	0
Oahu	2020-08-23-10:00	1024.18	0	0	1013.58	0	10.5961	0
Oahu	2020-08-23-12:00	1053.53	0	0	1019.81	25.3235	8.39358	0
Oahu	2020-08-23-14:00	1024.14	0	0	1013.73	0	10.4074	0
Oahu	2020-08-23-16:00	1018.18	0	0	1004.92	0	13.2516	0
Oahu	2020-08-23-18:00	1006.92	0	0	988.389	0	18.5269	0
Oahu	2020-08-23-20:00	972.851	0	0	956.28	0	16.5709	0
Oahu	2020-08-23-22:00	822.033	0	0	810.162	0	11.8707	0
Oahu	2020-09-23-00:00	640.59	0	0	602.387	32.3646	5.83845	0
Oahu	2020-09-23-02:00	564.242	0	0	555.937	5.8997	2.40525	0
Oahu	2020-09-23-04:00	646.164	0	0	641.918	3.1433	1.10286	0
Oahu	2020-09-23-06:00	896.957	0	0	892.918	0	4.03911	0
Oahu	2020-09-23-08:00	1042.5	0	0	1027.41	0	15.0989	0
Oahu	2020-09-23-10:00	1110.64	0	0	1085.51	14.54	10.5961	0
Oahu	2020-09-23-12:00	1151.4	0	0	1112.56	30.4429	8.39358	0
Oahu	2020-09-23-14:00	1133.9	0	0	1114.02	9.48039	10.4074	0
Oahu	2020-09-23-16:00	1101.24	0	0	1087.99	0	13.2516	0
Oahu	2020-09-23-18:00	1156.85	0	0	1138.33	0	18.5269	0
Oahu	2020-09-23-20:00	1015.35	0	0	998.784	0	16.5709	0
Oahu	2020-09-23-22:00	802.072	0	0	761.517	28.684	11.8707	0
Oahu	2020-10-23-00:00	602.428	0	0	596.589	0	5.83845	0
Oahu	2020-10-23-02:00	569.389	0	0	547.704	19.2795	2.40525	0
Oahu	2020-10-23-04:00	614.776	0	0	613.673	0	1.10286	0
Oahu	2020-10-23-06:00	864.653	0	0	860.614	0	4.03911	0
Oahu	2020-10-23-08:00	1010.77	0	0	986.846	8.82671	15.0989	0
Oahu	2020-10-23-10:00	1090.66	0	0	1047.7	32.3646	10.5961	0
Oahu	2020-10-23-12:00	1111.49	0	0	1070.73	32.3646	8.39358	0
Oahu	2020-10-23-14:00	1075.57	0	0	1065.16	0	10.4074	0
Oahu	2020-10-23-16:00	1056.3	0	0	1043.05	0	13.2516	0
Oahu	2020-10-23-18:00	1120.9	0	0	1102.37	0	18.5269	0
Oahu	2020-10-23-20:00	984.754	0	0	968.183	0	16.5709	0
Oahu	2020-10-23-22:00	768.78	0	0	756.909	0	11.8707	0
Oahu	2020-11-23-00:00	555.635	0	0	549.797	0	5.83845	0
Oahu	2020-11-23-02:00	525.007	0	0	500.992	21.6101	2.40525	0
Oahu	2020-11-23-04:00	526.372	0	0	525.269	0	1.10286	0
Oahu	2020-11-23-06:00	628.942	0	0	624.903	0	4.03911	0
Oahu	2020-11-23-08:00	830.057	0	0	809.933	5.02448	15.0989	0
Oahu	2020-11-23-10:00	926.374	0	0	894.747	21.0301	10.5961	0
Oahu	2020-11-23-12:00	928.073	0	0	887.315	32.3646	8.39358	0
Oahu	2020-11-23-14:00	898.759	0	0	873.215	15.1368	10.4074	0
Oahu	2020-11-23-16:00	922.808	0	0	909.556	0	13.2516	0
Oahu	2020-11-23-18:00	1046.05	0	0	1027.52	0	18.5269	0
Oahu	2020-11-23-20:00	922.136	0	0	905.565	0	16.5709	0
Oahu	2020-11-23-22:00	725.772	0	0	713.902	0	11.8707	0
Oahu	2020-12-23-00:00	593.432	0	0	555.229	32.3646	5.83845	0
Oahu	2020-12-23-02:00	525.951	0	0	491.181	32.3646	2.40525	0
Oahu	2020-12-23-04:00	567.227	0	0	560.695	5.42936	1.10286	0
Oahu	2020-12-23-06:00	789.639	0	0	785.6	0	4.03911	0
Oahu	2020-12-23-08:00	946.256	0	0	931.157	0	15.0989	0
Oahu	2020-12-23-10:00	1008.12	0	0	997.526	0	10.5961	0
Oahu	2020-12-23-12:00	1039.47	0	0	998.715	32.3646	8.39358	0
Oahu	2020-12-23-14:00	1003.56	0	0	989.418	3.73834	10.4074	0
Oahu	2020-12-23-16:00	981.778	0	0	968.527	0	13.2516	0
Oahu	2020-12-23-18:00	1062.93	0	0	1044.4	0	18.5269	0
Oahu	2020-12-23-20:00	955.789	0	0	939.218	0	16.5709	0
Oahu	2020-12-23-22:00	777.574	0	0	762.306	3.39735	11.8707	0
Oahu	2025-01-23-00:00	558.929	0	0	539.48	5.39555	14.053	0
Oahu	2025-01-23-02:00	591.212	0	0	495.335	90.0876	5.78938	0
Oahu	2025-01-23-04:00	594.281	0	0	567.529	24.0974	2.65456	0
Oahu	2025-01-23-06:00	826.116	0	0	816.394	0	9.72205	0
Oahu	2025-01-23-08:00	917.418	0	0	881.075	0	36.3427	0
Oahu	2025-01-23-10:00	1072.25	0	0	915.443	131.305	25.5045	0
Oahu	2025-01-23-12:00	1070.24	0	0	924.785	125.25	20.2032	0
Oahu	2025-01-23-14:00	1015.79	0	0	917.182	73.5607	25.0504	0
Oahu	2025-01-23-16:00	942.263	0	0	910.367	0	31.8964	0
Oahu	2025-01-23-18:00	1045.73	0	0	1001.13	0	44.5939	0
Oahu	2025-01-23-20:00	927.513	0	0	887.627	0	39.8859	0
Oahu	2025-01-23-22:00	712.662	0	0	684.09	0	28.5725	0
Oahu	2025-02-23-00:00	629.689	0	0	574.97	40.6654	14.053	0
Oahu	2025-02-23-02:00	650.806	0	0	512.484	132.534	5.78938	0
Oahu	2025-02-23-04:00	533.456	0	0	526.7	4.10193	2.65456	0
Oahu	2025-02-23-06:00	650.88	0	0	641.158	0	9.72205	0
Oahu	2025-02-23-08:00	859.177	0	0	822.835	0	36.3427	0
Oahu	2025-02-23-10:00	993.413	0	0	897.88	70.0294	25.5045	0
Oahu	2025-02-23-12:00	1053.48	0	0	900.741	132.534	20.2032	0
Oahu	2025-02-23-14:00	1037.57	0	0	896.464	116.058	25.0504	0
Oahu	2025-02-23-16:00	945.091	0	0	910.498	2.69683	31.8964	0
Oahu	2025-02-23-18:00	1007.16	0	0	962.571	0	44.5939	0
Oahu	2025-02-23-20:00	925.036	0	0	885.15	0	39.8859	0
Oahu	2025-02-23-22:00	769.416	0	0	740.844	0	28.5725	0
Oahu	2025-03-23-00:00	585.575	0	0	571.522	0	14.053	0
Oahu	2025-03-23-02:00	567.554	0	0	513.697	48.0676	5.78938	0
Oahu	2025-03-23-04:00	527.939	0	0	525.284	0	2.65456	0
Oahu	2025-03-23-06:00	616.876	0	0	607.154	0	9.72205	0
Oahu	2025-03-23-08:00	941.014	0	0	772.137	132.534	36.3427	0
Oahu	2025-03-23-10:00	849.067	0	0	823.563	0	25.5045	0
Oahu	2025-03-23-12:00	890.807	0	0	830.863	39.7406	20.2032	0
Oahu	2025-03-23-14:00	984.827	0	0	827.243	132.534	25.0504	0
Oahu	2025-03-23-16:00	968.577	0	0	841.227	95.4538	31.8964	0
Oahu	2025-03-23-18:00	933.1	0	0	888.507	0	44.5939	0
Oahu	2025-03-23-20:00	890.455	0	0	850.57	0	39.8859	0
Oahu	2025-03-23-22:00	725.786	0	0	697.214	0	28.5725	0
Oahu	2025-04-23-00:00	613.388	0	0	548.742	50.5935	14.053	0
Oahu	2025-04-23-02:00	567.694	0	0	504.374	57.53	5.78938	0
Oahu	2025-04-23-04:00	567.049	0	0	564.394	0	2.65456	0
Oahu	2025-04-23-06:00	803.861	0	0	794.139	0	9.72205	0
Oahu	2025-04-23-08:00	971.774	0	0	919.174	16.2575	36.3427	0
Oahu	2025-04-23-10:00	1108.26	0	0	978.364	104.392	25.5045	0
Oahu	2025-04-23-12:00	1151.79	0	0	999.052	132.534	20.2032	0
Oahu	2025-04-23-14:00	1121.65	0	0	1003.41	93.1896	25.0504	0
Oahu	2025-04-23-16:00	1023.89	0	0	991.994	0	31.8964	0
Oahu	2025-04-23-18:00	1037.81	0	0	993.218	0	44.5939	0
Oahu	2025-04-23-20:00	976.248	0	0	936.363	0	39.8859	0
Oahu	2025-04-23-22:00	745.756	0	0	717.183	0	28.5725	0
Oahu	2025-05-23-00:00	643.683	0	0	612.543	17.0869	14.053	0
Oahu	2025-05-23-02:00	618.248	0	0	565.395	47.063	5.78938	0
Oahu	2025-05-23-04:00	638.342	0	0	635.688	0	2.65456	0
Oahu	2025-05-23-06:00	872.091	0	0	862.369	0	9.72205	0
Oahu	2025-05-23-08:00	1077.21	0	0	989.911	50.959	36.3427	0
Oahu	2025-05-23-10:00	1109.86	0	0	1041.27	43.085	25.5045	0
Oahu	2025-05-23-12:00	1174.53	0	0	1051.59	102.733	20.2032	0
Oahu	2025-05-23-14:00	1072.89	0	0	1039.83	8.01245	25.0504	0
Oahu	2025-05-23-16:00	1026.46	0	0	994.562	0	31.8964	0
Oahu	2025-05-23-18:00	1013.93	0	0	969.335	0	44.5939	0
Oahu	2025-05-23-20:00	963.832	0	0	923.946	0	39.8859	0
Oahu	2025-05-23-22:00	788.951	0	0	760.378	0	28.5725	0
Oahu	2025-06-23-00:00	619.815	0	0	594.778	10.9837	14.053	0
Oahu	2025-06-23-02:00	553.025	0	0	547.235	0	5.78938	0
Oahu	2025-06-23-04:00	649.013	0	0	609.692	36.6666	2.65456	0
Oahu	2025-06-23-06:00	826.814	0	0	817.092	0	9.72205	0
Oahu	2025-06-23-08:00	1021.1	0	0	955.806	28.9487	36.3427	0
Oahu	2025-06-23-10:00	1123.87	0	0	1026.93	71.4417	25.5045	0
Oahu	2025-06-23-12:00	1199.61	0	0	1046.88	132.534	20.2032	0
Oahu	2025-06-23-14:00	1163.25	0	0	1048.67	89.5284	25.0504	0
Oahu	2025-06-23-16:00	1074.04	0	0	1024.35	17.7939	31.8964	0
Oahu	2025-06-23-18:00	1040.3	0	0	995.705	0	44.5939	0
Oahu	2025-06-23-20:00	1019.62	0	0	979.729	0	39.8859	0
Oahu	2025-06-23-22:00	802.742	0	0	774.17	0	28.5725	0
Oahu	2025-07-23-00:00	738.676	0	0	647.022	77.601	14.053	0
Oahu	2025-07-23-02:00	682.072	0	0	594.293	81.9896	5.78938	0
Oahu	2025-07-23-04:00	651.719	0	0	649.065	0	2.65456	0
Oahu	2025-07-23-06:00	861.505	0	0	851.783	0	9.72205	0
Oahu	2025-07-23-08:00	1089.88	0	0	981.185	72.3541	36.3427	0
Oahu	2025-07-23-10:00	1189.31	0	0	1053.48	110.324	25.5045	0
Oahu	2025-07-23-12:00	1217.48	0	0	1068.15	129.123	20.2032	0
Oahu	2025-07-23-14:00	1102.78	0	0	1062.76	14.9652	25.0504	0
Oahu	2025-07-23-16:00	1087.9	0	0	1048.92	7.08475	31.8964	0
Oahu	2025-07-23-18:00	1062.07	0	0	1017.47	0	44.5939	0
Oahu	2025-07-23-20:00	1025.26	0	0	985.371	0	39.8859	0
Oahu	2025-07-23-22:00	820.619	0	0	792.046	0	28.5725	0
Oahu	2025-08-23-00:00	653.189	0	0	639.136	0	14.053	0
Oahu	2025-08-23-02:00	582.216	0	0	576.426	0	5.78938	0
Oahu	2025-08-23-04:00	592.701	0	0	590.046	0	2.65456	0
Oahu	2025-08-23-06:00	713.033	0	0	703.311	0	9.72205	0
Oahu	2025-08-23-08:00	984.486	0	0	893.673	54.4702	36.3427	0
Oahu	2025-08-23-10:00	1063.57	0	0	964.775	73.2924	25.5045	0
Oahu	2025-08-23-12:00	1105.43	0	0	970.285	114.943	20.2032	0
Oahu	2025-08-23-14:00	1035.67	0	0	964.906	45.718	25.0504	0
Oahu	2025-08-23-16:00	1046.97	0	0	957.121	57.9491	31.8964	0
Oahu	2025-08-23-18:00	987.094	0	0	942.5	0	44.5939	0
Oahu	2025-08-23-20:00	953.994	0	0	914.108	0	39.8859	0
Oahu	2025-08-23-22:00	813.48	0	0	784.908	0	28.5725	0
Oahu	2025-09-23-00:00	656.534	0	0	601.189	41.2923	14.053	0
Oahu	2025-09-23-02:00	565.906	0	0	560.117	0	5.78938	0
Oahu	2025-09-23-04:00	764.323	0	0	636.143	125.526	2.65456	0
Oahu	2025-09-23-06:00	867.804	0	0	858.082	0	9.72205	0
Oahu	2025-09-23-08:00	1037.51	0	0	976.999	24.1642	36.3427	0
Oahu	2025-09-23-10:00	1099.8	0	0	1028.37	45.9173	25.5045	0
Oahu	2025-09-23-12:00	1197.7	0	0	1052.3	125.198	20.2032	0
Oahu	2025-09-23-14:00	1146.39	0	0	1053.58	67.7567	25.0504	0
Oahu	2025-09-23-16:00	1085.93	0	0	1030.57	23.4629	31.8964	0
Oahu	2025-09-23-18:00	1119.67	0	0	1075.08	0	44.5939	0
Oahu	2025-09-23-20:00	991.577	0	0	951.691	0	39.8859	0
Oahu	2025-09-23-22:00	770.468	0	0	741.895	0	28.5725	0
Oahu	2025-10-23-00:00	652.472	0	0	596.062	42.3564	14.053	0
Oahu	2025-10-23-02:00	621.438	0	0	552.837	62.8114	5.78938	0
Oahu	2025-10-23-04:00	618.28	0	0	611.168	4.45757	2.65456	0
Oahu	2025-10-23-06:00	839.24	0	0	829.518	0	9.72205	0
Oahu	2025-10-23-08:00	1017.22	0	0	941.135	39.7406	36.3427	0
Oahu	2025-10-23-10:00	1129.5	0	0	994.946	109.05	25.5045	0
Oahu	2025-10-23-12:00	1155.74	0	0	1015.31	120.223	20.2032	0
Oahu	2025-10-23-14:00	1112.79	0	0	1010.39	77.3579	25.0504	0
Oahu	2025-10-23-16:00	1022.73	0	0	990.831	0	31.8964	0
Oahu	2025-10-23-18:00	1087.88	0	0	1043.29	0	44.5939	0
Oahu	2025-10-23-20:00	964.519	0	0	924.634	0	39.8859	0
Oahu	2025-10-23-22:00	766.393	0	0	737.82	0	28.5725	0
Oahu	2025-11-23-00:00	568.74	0	0	554.687	0	14.053	0
Oahu	2025-11-23-02:00	517.322	0	0	511.533	0	5.78938	0
Oahu	2025-11-23-04:00	535.654	0	0	532.999	0	2.65456	0
Oahu	2025-11-23-06:00	630.819	0	0	621.097	0	9.72205	0
Oahu	2025-11-23-08:00	849.2	0	0	784.706	28.1512	36.3427	0
Oahu	2025-11-23-10:00	972.635	0	0	859.7	87.4308	25.5045	0
Oahu	2025-11-23-12:00	1005.86	0	0	853.128	132.534	20.2032	0
Oahu	2025-11-23-14:00	963.968	0	0	840.661	98.2567	25.0504	0
Oahu	2025-11-23-16:00	904.69	0	0	872.794	0	31.8964	0
Oahu	2025-11-23-18:00	1021.69	0	0	977.1	0	44.5939	0
Oahu	2025-11-23-20:00	909.151	0	0	869.265	0	39.8859	0
Oahu	2025-11-23-22:00	728.365	0	0	699.792	0	28.5725	0
Oahu	2025-12-23-00:00	622.237	0	0	559.49	48.6937	14.053	0
Oahu	2025-12-23-02:00	592.816	0	0	502.858	84.1693	5.78938	0
Oahu	2025-12-23-04:00	568.318	0	0	564.323	1.34014	2.65456	0
Oahu	2025-12-23-06:00	772.911	0	0	763.189	0	9.72205	0
Oahu	2025-12-23-08:00	928.236	0	0	891.894	0	36.3427	0
Oahu	2025-12-23-10:00	1055.74	0	0	950.579	79.6533	25.5045	0
Oahu	2025-12-23-12:00	1054.92	0	0	951.63	83.0825	20.2032	0
Oahu	2025-12-23-14:00	1100.99	0	0	943.41	132.534	25.0504	0
Oahu	2025-12-23-16:00	996.163	0	0	924.937	39.3299	31.8964	0
Oahu	2025-12-23-18:00	1036.62	0	0	992.024	0	44.5939	0
Oahu	2025-12-23-20:00	938.908	0	0	899.022	0	39.8859	0
Oahu	2025-12-23-22:00	771.165	0	0	742.593	0	28.5725	0
Oahu	2030-01-23-00:00	633.724	0	0	608.605	0	25.1189	0
Oahu	2030-01-23-02:00	591.212	0	0	579.781	1.0832	10.3482	0
Oahu	2030-01-23-04:00	631.664	0	0	626.919	0	4.74487	0
Oahu	2030-01-23-06:00	806.792	0	0	789.415	0	17.3776	0
Oahu	2030-01-23-08:00	921.901	0	0	831.648	25.2932	64.9603	0
Oahu	2030-01-23-10:00	1127.18	0	0	854.088	227.507	45.5877	0
Oahu	2030-01-23-12:00	1123.81	0	0	860.188	227.507	36.1119	0
Oahu	2030-01-23-14:00	1060.02	0	0	855.224	160.021	44.7761	0
Oahu	2030-01-23-16:00	931.765	0	0	850.774	23.9784	57.0129	0
Oahu	2030-01-23-18:00	989.749	0	0	910.04	0	79.709	0
Oahu	2030-01-23-20:00	907.22	0	0	835.926	0	71.2936	0
Oahu	2030-01-23-22:00	754.099	0	0	703.027	0	51.0716	0
Oahu	2030-02-23-00:00	663.29	0	0	631.778	6.39264	25.1189	0
Oahu	2030-02-23-02:00	706.458	0	0	590.978	105.132	10.3482	0
Oahu	2030-02-23-04:00	605.005	0	0	600.26	0	4.74487	0
Oahu	2030-02-23-06:00	692.373	0	0	674.995	0	17.3776	0
Oahu	2030-02-23-08:00	892.49	0	0	793.62	33.9095	64.9603	0
Oahu	2030-02-23-10:00	1071.1	0	0	842.62	182.894	45.5877	0
Oahu	2030-02-23-12:00	1108.11	0	0	844.489	227.507	36.1119	0
Oahu	2030-02-23-14:00	1085.43	0	0	841.696	198.954	44.7761	0
Oahu	2030-02-23-16:00	934.338	0	0	850.86	26.4659	57.0129	0
Oahu	2030-02-23-18:00	964.569	0	0	884.86	0	79.709	0
Oahu	2030-02-23-20:00	905.602	0	0	834.308	0	71.2936	0
Oahu	2030-02-23-22:00	791.156	0	0	740.084	0	51.0716	0
Oahu	2030-03-23-00:00	654.646	0	0	629.527	0	25.1189	0
Oahu	2030-03-23-02:00	621.399	0	0	591.77	19.2808	10.3482	0
Oahu	2030-03-23-04:00	604.081	0	0	599.336	0	4.74487	0
Oahu	2030-03-23-06:00	670.17	0	0	652.792	0	17.3776	0
Oahu	2030-03-23-08:00	916.233	0	0	760.518	90.7551	64.9603	0
Oahu	2030-03-23-10:00	974.397	0	0	794.096	134.714	45.5877	0
Oahu	2030-03-23-12:00	909.416	0	0	798.862	74.4415	36.1119	0
Oahu	2030-03-23-14:00	1067.12	0	0	796.499	225.84	44.7761	0
Oahu	2030-03-23-16:00	1007.04	0	0	805.629	144.394	57.0129	0
Oahu	2030-03-23-18:00	916.209	0	0	836.5	0	79.709	0
Oahu	2030-03-23-20:00	883.023	0	0	811.729	0	71.2936	0
Oahu	2030-03-23-22:00	762.668	0	0	711.597	0	51.0716	0
Oahu	2030-04-23-00:00	649.388	0	0	614.653	9.61705	25.1189	0
Oahu	2030-04-23-02:00	603.694	0	0	585.683	7.66278	10.3482	0
Oahu	2030-04-23-04:00	629.617	0	0	624.872	0	4.74487	0
Oahu	2030-04-23-06:00	792.261	0	0	774.884	0	17.3776	0
Oahu	2030-04-23-08:00	966.063	0	0	856.524	44.5785	64.9603	0
Oahu	2030-04-23-10:00	1134.92	0	0	895.172	194.162	45.5877	0
Oahu	2030-04-23-12:00	1172.3	0	0	908.68	227.507	36.1119	0
Oahu	2030-04-23-14:00	1140.05	0	0	911.526	183.752	44.7761	0
Oahu	2030-04-23-16:00	961.085	0	0	904.072	0	57.0129	0
Oahu	2030-04-23-18:00	984.58	0	0	904.871	0	79.709	0
Oahu	2030-04-23-20:00	939.041	0	0	867.748	0	71.2936	0
Oahu	2030-04-23-22:00	775.707	0	0	724.636	0	51.0716	0
Oahu	2030-05-23-00:00	681.43	0	0	656.311	0	25.1189	0
Oahu	2030-05-23-02:00	640.388	0	0	625.526	4.51327	10.3482	0
Oahu	2030-05-23-04:00	676.168	0	0	671.423	0	4.74487	0
Oahu	2030-05-23-06:00	836.812	0	0	819.434	0	17.3776	0
Oahu	2030-05-23-08:00	1111.81	0	0	902.712	144.142	64.9603	0
Oahu	2030-05-23-10:00	1119.97	0	0	936.244	138.137	45.5877	0
Oahu	2030-05-23-12:00	1197.5	0	0	942.984	218.405	36.1119	0
Oahu	2030-05-23-14:00	1110.06	0	0	935.306	129.976	44.7761	0
Oahu	2030-05-23-16:00	976.068	0	0	905.749	13.3059	57.0129	0
Oahu	2030-05-23-18:00	968.986	0	0	889.277	0	79.709	0
Oahu	2030-05-23-20:00	930.934	0	0	859.64	0	71.2936	0
Oahu	2030-05-23-22:00	803.911	0	0	752.839	0	51.0716	0
Oahu	2030-06-23-00:00	669.83	0	0	644.712	0	25.1189	0
Oahu	2030-06-23-02:00	624.017	0	0	613.669	0	10.3482	0
Oahu	2030-06-23-04:00	659.194	0	0	654.45	0	4.74487	0
Oahu	2030-06-23-06:00	807.248	0	0	789.87	0	17.3776	0
Oahu	2030-06-23-08:00	1005.28	0	0	880.443	59.873	64.9603	0
Oahu	2030-06-23-10:00	1149.84	0	0	926.882	177.375	45.5877	0
Oahu	2030-06-23-12:00	1203.53	0	0	939.908	227.507	36.1119	0
Oahu	2030-06-23-14:00	1174.15	0	0	941.076	188.296	44.7761	0
Oahu	2030-06-23-16:00	999.305	0	0	925.198	17.0941	57.0129	0
Oahu	2030-06-23-18:00	986.204	0	0	906.495	0	79.709	0
Oahu	2030-06-23-20:00	967.357	0	0	896.064	0	71.2936	0
Oahu	2030-06-23-22:00	812.916	0	0	761.845	0	51.0716	0
Oahu	2030-07-23-00:00	738.676	0	0	678.824	34.7332	25.1189	0
Oahu	2030-07-23-02:00	682.072	0	0	644.395	27.3288	10.3482	0
Oahu	2030-07-23-04:00	684.903	0	0	680.158	0	4.74487	0
Oahu	2030-07-23-06:00	829.899	0	0	812.522	0	17.3776	0
Oahu	2030-07-23-08:00	983.756	0	0	897.014	21.7809	64.9603	0
Oahu	2030-07-23-10:00	1217.31	0	0	944.219	227.507	45.5877	0
Oahu	2030-07-23-12:00	1217.42	0	0	953.798	227.507	36.1119	0
Oahu	2030-07-23-14:00	1123.29	0	0	950.28	128.238	44.7761	0
Oahu	2030-07-23-16:00	998.254	0	0	941.241	0	57.0129	0
Oahu	2030-07-23-18:00	1000.42	0	0	920.709	0	79.709	0
Oahu	2030-07-23-20:00	971.041	0	0	899.748	0	71.2936	0
Oahu	2030-07-23-22:00	824.589	0	0	773.517	0	51.0716	0
Oahu	2030-08-23-00:00	698.794	0	0	673.675	0	25.1189	0
Oahu	2030-08-23-02:00	643.077	0	0	632.729	0	10.3482	0
Oahu	2030-08-23-04:00	646.367	0	0	641.622	0	4.74487	0
Oahu	2030-08-23-06:00	732.955	0	0	715.578	0	17.3776	0
Oahu	2030-08-23-08:00	1030.99	0	0	839.874	126.154	64.9603	0
Oahu	2030-08-23-10:00	972.305	0	0	886.299	40.4181	45.5877	0
Oahu	2030-08-23-12:00	1148.82	0	0	889.897	222.814	36.1119	0
Oahu	2030-08-23-14:00	1070.45	0	0	886.385	139.288	44.7761	0
Oahu	2030-08-23-16:00	1079.78	0	0	881.302	141.47	57.0129	0
Oahu	2030-08-23-18:00	951.464	0	0	871.755	0	79.709	0
Oahu	2030-08-23-20:00	924.51	0	0	853.217	0	71.2936	0
Oahu	2030-08-23-22:00	819.928	0	0	768.856	0	51.0716	0
Oahu	2030-09-23-00:00	674.016	0	0	648.897	0	25.1189	0
Oahu	2030-09-23-02:00	679.652	0	0	622.08	47.2237	10.3482	0
Oahu	2030-09-23-04:00	676.465	0	0	671.72	0	4.74487	0
Oahu	2030-09-23-06:00	834.012	0	0	816.635	0	17.3776	0
Oahu	2030-09-23-08:00	1035.59	0	0	894.281	76.351	64.9603	0
Oahu	2030-09-23-10:00	1094.44	0	0	927.826	121.022	45.5877	0
Oahu	2030-09-23-12:00	1206.57	0	0	943.446	227.017	36.1119	0
Oahu	2030-09-23-14:00	1154.94	0	0	944.285	165.883	44.7761	0
Oahu	2030-09-23-16:00	1066.14	0	0	929.259	79.8724	57.0129	0
Oahu	2030-09-23-18:00	1038.03	0	0	958.321	0	79.709	0
Oahu	2030-09-23-20:00	949.05	0	0	877.756	0	71.2936	0
Oahu	2030-09-23-22:00	791.843	0	0	740.771	0	51.0716	0
Oahu	2030-10-23-00:00	670.669	0	0	645.55	0	25.1189	0
Oahu	2030-10-23-02:00	629.617	0	0	617.326	1.94276	10.3482	0
Oahu	2030-10-23-04:00	660.158	0	0	655.413	0	4.74487	0
Oahu	2030-10-23-06:00	815.362	0	0	797.984	0	17.3776	0
Oahu	2030-10-23-08:00	1019.16	0	0	870.864	83.3408	64.9603	0
Oahu	2030-10-23-10:00	1150.86	0	0	906	199.276	45.5877	0
Oahu	2030-10-23-12:00	1182.92	0	0	919.296	227.507	36.1119	0
Oahu	2030-10-23-14:00	1120.88	0	0	916.081	160.021	44.7761	0
Oahu	2030-10-23-16:00	960.326	0	0	903.313	0	57.0129	0
Oahu	2030-10-23-18:00	1017.27	0	0	937.564	0	79.709	0
Oahu	2030-10-23-20:00	931.383	0	0	860.089	0	71.2936	0
Oahu	2030-10-23-22:00	789.182	0	0	738.11	0	51.0716	0
Oahu	2030-11-23-00:00	643.653	0	0	618.535	0	25.1189	0
Oahu	2030-11-23-02:00	600.705	0	0	590.357	0	10.3482	0
Oahu	2030-11-23-04:00	609.118	0	0	604.373	0	4.74487	0
Oahu	2030-11-23-06:00	679.274	0	0	661.897	0	17.3776	0
Oahu	2030-11-23-08:00	906.186	0	0	768.724	72.5019	64.9603	0
Oahu	2030-11-23-10:00	1036.37	0	0	817.691	173.091	45.5877	0
Oahu	2030-11-23-12:00	1077.02	0	0	813.4	227.507	36.1119	0
Oahu	2030-11-23-14:00	1047.08	0	0	805.26	197.045	44.7761	0
Oahu	2030-11-23-16:00	883.254	0	0	826.241	0	57.0129	0
Oahu	2030-11-23-18:00	974.056	0	0	894.347	0	79.709	0
Oahu	2030-11-23-20:00	895.23	0	0	823.937	0	71.2936	0
Oahu	2030-11-23-22:00	764.352	0	0	713.28	0	51.0716	0
Oahu	2030-12-23-00:00	646.789	0	0	621.67	0	25.1189	0
Oahu	2030-12-23-02:00	595.041	0	0	584.693	0	10.3482	0
Oahu	2030-12-23-04:00	629.571	0	0	624.826	0	4.74487	0
Oahu	2030-12-23-06:00	772.052	0	0	754.675	0	17.3776	0
Oahu	2030-12-23-08:00	903.672	0	0	838.712	0	64.9603	0
Oahu	2030-12-23-10:00	979.669	0	0	877.03	57.0507	45.5877	0
Oahu	2030-12-23-12:00	1095.17	0	0	877.717	181.339	36.1119	0
Oahu	2030-12-23-14:00	1144.63	0	0	872.349	227.507	44.7761	0
Oahu	2030-12-23-16:00	917.3	0	0	860.287	0	57.0129	0
Oahu	2030-12-23-18:00	983.801	0	0	904.092	0	79.709	0
Oahu	2030-12-23-20:00	914.66	0	0	843.366	0	71.2936	0
Oahu	2030-12-23-22:00	792.298	0	0	741.227	0	51.0716	0
Oahu	2035-01-23-00:00	656.956	0	0	618.938	0	38.0178	0
Oahu	2035-01-23-02:00	604.811	0	0	589.148	0	15.6621	0
Oahu	2035-01-23-04:00	645.046	0	0	637.865	0	7.18142	0
Oahu	2035-01-23-06:00	832.101	0	0	805.8	0	26.3012	0
Oahu	2035-01-23-08:00	1061.35	0	0	849.447	113.587	98.3183	0
Oahu	2035-01-23-10:00	1318.74	0	0	872.639	377.102	68.9976	0
Oahu	2035-01-23-12:00	1262.42	0	0	878.943	328.823	54.6559	0
Oahu	2035-01-23-14:00	1150.14	0	0	873.812	208.558	67.7692	0
Oahu	2035-01-23-16:00	955.503	0	0	869.213	0	86.2897	0
Oahu	2035-01-23-18:00	1051.1	0	0	930.464	0	120.641	0
Oahu	2035-01-23-20:00	961.772	0	0	853.868	0	107.904	0
Oahu	2035-01-23-22:00	793.818	0	0	716.521	0	77.2976	0
Oahu	2035-02-23-00:00	680.904	0	0	642.887	0	38.0178	0
Oahu	2035-02-23-02:00	669.844	0	0	600.72	53.4617	15.6621	0
Oahu	2035-02-23-04:00	617.495	0	0	610.313	0	7.18142	0
Oahu	2035-02-23-06:00	713.851	0	0	687.55	0	26.3012	0
Oahu	2035-02-23-08:00	1087.47	0	0	810.146	179.003	98.3183	0
Oahu	2035-02-23-10:00	1227.24	0	0	860.787	297.456	68.9976	0
Oahu	2035-02-23-12:00	1321.64	0	0	862.718	404.261	54.6559	0
Oahu	2035-02-23-14:00	1365.93	0	0	859.832	438.328	67.7692	0
Oahu	2035-02-23-16:00	1187.38	0	0	869.302	231.788	86.2897	0
Oahu	2035-02-23-18:00	1025.08	0	0	904.441	0	120.641	0
Oahu	2035-02-23-20:00	960.101	0	0	852.197	0	107.904	0
Oahu	2035-02-23-22:00	832.116	0	0	754.819	0	77.2976	0
Oahu	2035-03-23-00:00	678.578	0	0	640.56	0	38.0178	0
Oahu	2035-03-23-02:00	617.201	0	0	601.539	0	15.6621	0
Oahu	2035-03-23-04:00	616.54	0	0	609.358	0	7.18142	0
Oahu	2035-03-23-06:00	690.906	0	0	664.604	0	26.3012	0
Oahu	2035-03-23-08:00	1242.04	0	0	775.936	367.789	98.3183	0
Oahu	2035-03-23-10:00	1302.28	0	0	810.638	422.645	68.9976	0
Oahu	2035-03-23-12:00	930.648	0	0	815.564	60.4284	54.6559	0
Oahu	2035-03-23-14:00	1325.28	0	0	813.121	444.39	67.7692	0
Oahu	2035-03-23-16:00	1265.82	0	0	822.558	356.973	86.2897	0
Oahu	2035-03-23-18:00	975.103	0	0	854.462	0	120.641	0
Oahu	2035-03-23-20:00	936.766	0	0	828.862	0	107.904	0
Oahu	2035-03-23-22:00	802.675	0	0	725.377	0	77.2976	0
Oahu	2035-04-23-00:00	663.205	0	0	625.188	0	38.0178	0
Oahu	2035-04-23-02:00	610.91	0	0	595.248	0	15.6621	0
Oahu	2035-04-23-04:00	642.931	0	0	635.75	0	7.18142	0
Oahu	2035-04-23-06:00	817.084	0	0	790.783	0	26.3012	0
Oahu	2035-04-23-08:00	1229.37	0	0	875.156	255.891	98.3183	0
Oahu	2035-04-23-10:00	1408.88	0	0	915.098	424.783	68.9976	0
Oahu	2035-04-23-12:00	1488.51	0	0	929.058	504.795	54.6559	0
Oahu	2035-04-23-14:00	1313.2	0	0	931.999	313.432	67.7692	0
Oahu	2035-04-23-16:00	1163.91	0	0	924.296	153.324	86.2897	0
Oahu	2035-04-23-18:00	1045.76	0	0	925.121	0	120.641	0
Oahu	2035-04-23-20:00	994.659	0	0	886.755	0	107.904	0
Oahu	2035-04-23-22:00	816.15	0	0	738.853	0	77.2976	0
Oahu	2035-05-23-00:00	706.259	0	0	668.241	0	38.0178	0
Oahu	2035-05-23-02:00	652.087	0	0	636.425	0	15.6621	0
Oahu	2035-05-23-04:00	691.04	0	0	683.859	0	7.18142	0
Oahu	2035-05-23-06:00	863.126	0	0	836.825	0	26.3012	0
Oahu	2035-05-23-08:00	1276.47	0	0	922.89	255.257	98.3183	0
Oahu	2035-05-23-10:00	1305.1	0	0	957.544	278.556	68.9976	0
Oahu	2035-05-23-12:00	1406.92	0	0	964.511	387.75	54.6559	0
Oahu	2035-05-23-14:00	1260.3	0	0	956.576	235.959	67.7692	0
Oahu	2035-05-23-16:00	1110.88	0	0	926.029	98.5579	86.2897	0
Oahu	2035-05-23-18:00	1029.65	0	0	909.005	0	120.641	0
Oahu	2035-05-23-20:00	986.281	0	0	878.377	0	107.904	0
Oahu	2035-05-23-22:00	845.298	0	0	768.001	0	77.2976	0
Oahu	2035-06-23-00:00	694.271	0	0	656.253	0	38.0178	0
Oahu	2035-06-23-02:00	639.833	0	0	624.171	0	15.6621	0
Oahu	2035-06-23-04:00	673.498	0	0	666.317	0	7.18142	0
Oahu	2035-06-23-06:00	832.572	0	0	806.271	0	26.3012	0
Oahu	2035-06-23-08:00	1248.77	0	0	899.876	250.576	98.3183	0
Oahu	2035-06-23-10:00	1392.67	0	0	947.869	375.799	68.9976	0
Oahu	2035-06-23-12:00	1480.99	0	0	961.331	465	54.6559	0
Oahu	2035-06-23-14:00	1439.76	0	0	962.539	409.452	67.7692	0
Oahu	2035-06-23-16:00	1183.82	0	0	946.13	151.398	86.2897	0
Oahu	2035-06-23-18:00	1047.44	0	0	926.8	0	120.641	0
Oahu	2035-06-23-20:00	1023.92	0	0	916.019	0	107.904	0
Oahu	2035-06-23-22:00	854.605	0	0	777.307	0	77.2976	0
Oahu	2035-07-23-00:00	729.525	0	0	691.508	0	38.0178	0
Oahu	2035-07-23-02:00	671.588	0	0	655.925	0	15.6621	0
Oahu	2035-07-23-04:00	700.067	0	0	692.886	0	7.18142	0
Oahu	2035-07-23-06:00	855.982	0	0	829.681	0	26.3012	0
Oahu	2035-07-23-08:00	1015.32	0	0	917.002	0	98.3183	0
Oahu	2035-07-23-10:00	1385.99	0	0	965.787	351.206	68.9976	0
Oahu	2035-07-23-12:00	1350.18	0	0	975.687	319.839	54.6559	0
Oahu	2035-07-23-14:00	1259.92	0	0	972.05	220.098	67.7692	0
Oahu	2035-07-23-16:00	1236.57	0	0	962.71	187.575	86.2897	0
Oahu	2035-07-23-18:00	1062.13	0	0	941.49	0	120.641	0
Oahu	2035-07-23-20:00	1027.73	0	0	919.827	0	107.904	0
Oahu	2035-07-23-22:00	866.668	0	0	789.37	0	77.2976	0
Oahu	2035-08-23-00:00	724.203	0	0	686.186	0	38.0178	0
Oahu	2035-08-23-02:00	659.531	0	0	643.869	0	15.6621	0
Oahu	2035-08-23-04:00	660.241	0	0	653.06	0	7.18142	0
Oahu	2035-08-23-06:00	755.793	0	0	729.491	0	26.3012	0
Oahu	2035-08-23-08:00	1330.12	0	0	857.949	373.853	98.3183	0
Oahu	2035-08-23-10:00	1189.32	0	0	905.928	214.397	68.9976	0
Oahu	2035-08-23-12:00	1469.1	0	0	909.647	504.795	54.6559	0
Oahu	2035-08-23-14:00	1351.32	0	0	906.017	377.534	67.7692	0
Oahu	2035-08-23-16:00	1151.99	0	0	900.763	164.934	86.2897	0
Oahu	2035-08-23-18:00	1011.54	0	0	890.897	0	120.641	0
Oahu	2035-08-23-20:00	979.642	0	0	871.738	0	107.904	0
Oahu	2035-08-23-22:00	861.851	0	0	784.553	0	77.2976	0
Oahu	2035-09-23-00:00	698.597	0	0	660.579	0	38.0178	0
Oahu	2035-09-23-02:00	648.526	0	0	632.864	0	15.6621	0
Oahu	2035-09-23-04:00	691.347	0	0	684.166	0	7.18142	0
Oahu	2035-09-23-06:00	860.233	0	0	833.932	0	26.3012	0
Oahu	2035-09-23-08:00	1268.03	0	0	914.177	255.537	98.3183	0
Oahu	2035-09-23-10:00	1280.41	0	0	948.845	262.57	68.9976	0
Oahu	2035-09-23-12:00	1480.49	0	0	964.988	460.848	54.6559	0
Oahu	2035-09-23-14:00	1442.65	0	0	965.855	409.023	67.7692	0
Oahu	2035-09-23-16:00	1300.86	0	0	950.326	264.247	86.2897	0
Oahu	2035-09-23-18:00	1101	0	0	980.361	0	120.641	0
Oahu	2035-09-23-20:00	1005	0	0	897.099	0	107.904	0
Oahu	2035-09-23-22:00	832.826	0	0	755.528	0	77.2976	0
Oahu	2035-10-23-00:00	695.137	0	0	657.119	0	38.0178	0
Oahu	2035-10-23-02:00	643.613	0	0	627.951	0	15.6621	0
Oahu	2035-10-23-04:00	674.495	0	0	667.313	0	7.18142	0
Oahu	2035-10-23-06:00	840.958	0	0	814.656	0	26.3012	0
Oahu	2035-10-23-08:00	1303.43	0	0	889.976	315.137	98.3183	0
Oahu	2035-10-23-10:00	1460.46	0	0	926.288	465.173	68.9976	0
Oahu	2035-10-23-12:00	1461.97	0	0	940.03	467.287	54.6559	0
Oahu	2035-10-23-14:00	1398.84	0	0	936.707	394.368	67.7692	0
Oahu	2035-10-23-16:00	1020.06	0	0	923.511	10.2599	86.2897	0
Oahu	2035-10-23-18:00	1079.55	0	0	958.909	0	120.641	0
Oahu	2035-10-23-20:00	986.745	0	0	878.841	0	107.904	0
Oahu	2035-10-23-22:00	830.076	0	0	752.778	0	77.2976	0
Oahu	2035-11-23-00:00	667.217	0	0	629.2	0	38.0178	0
Oahu	2035-11-23-02:00	615.741	0	0	600.079	0	15.6621	0
Oahu	2035-11-23-04:00	621.746	0	0	614.564	0	7.18142	0
Oahu	2035-11-23-06:00	700.315	0	0	674.013	0	26.3012	0
Oahu	2035-11-23-08:00	1133.69	0	0	784.417	250.952	98.3183	0
Oahu	2035-11-23-10:00	1253.8	0	0	835.023	349.776	68.9976	0
Oahu	2035-11-23-12:00	1369.15	0	0	830.588	483.907	54.6559	0
Oahu	2035-11-23-14:00	1218.78	0	0	822.175	328.831	67.7692	0
Oahu	2035-11-23-16:00	991.543	0	0	843.859	61.3942	86.2897	0
Oahu	2035-11-23-18:00	1034.89	0	0	914.246	0	120.641	0
Oahu	2035-11-23-20:00	949.382	0	0	841.478	0	107.904	0
Oahu	2035-11-23-22:00	804.415	0	0	727.117	0	77.2976	0
Oahu	2035-12-23-00:00	670.458	0	0	632.441	0	38.0178	0
Oahu	2035-12-23-02:00	609.887	0	0	594.225	0	15.6621	0
Oahu	2035-12-23-04:00	654.216	0	0	635.702	11.3323	7.18142	0
Oahu	2035-12-23-06:00	796.199	0	0	769.897	0	26.3012	0
Oahu	2035-12-23-08:00	955.066	0	0	856.748	0	98.3183	0
Oahu	2035-12-23-10:00	1161.09	0	0	896.349	195.741	68.9976	0
Oahu	2035-12-23-12:00	1298.72	0	0	897.058	347.007	54.6559	0
Oahu	2035-12-23-14:00	1452.25	0	0	891.511	492.968	67.7692	0
Oahu	2035-12-23-16:00	1005.93	0	0	879.046	40.5929	86.2897	0
Oahu	2035-12-23-18:00	1044.96	0	0	924.316	0	120.641	0
Oahu	2035-12-23-20:00	969.462	0	0	861.558	0	107.904	0
Oahu	2035-12-23-22:00	833.296	0	0	755.999	0	77.2976	0
Oahu	2040-01-23-00:00	698.923	0	0	647.395	0	51.5278	0
Oahu	2040-01-23-02:00	638.868	0	0	617.64	0	21.2277	0
Oahu	2040-01-23-04:00	676.033	0	0	666.3	0	9.73339	0
Oahu	2040-01-23-06:00	869.686	0	0	834.039	0	35.6475	0
Oahu	2040-01-23-08:00	1147.33	0	0	877.635	136.44	133.256	0
Oahu	2040-01-23-10:00	1523.13	0	0	900.799	528.812	93.5164	0
Oahu	2040-01-23-12:00	1350.41	0	0	907.096	369.239	74.0782	0
Oahu	2040-01-23-14:00	1282.43	0	0	901.971	288.608	91.8514	0
Oahu	2040-01-23-16:00	1063.56	0	0	897.378	49.2292	116.953	0
Oahu	2040-01-23-18:00	1122.07	0	0	958.557	0	163.511	0
Oahu	2040-01-23-20:00	1028.3	0	0	882.051	0	146.248	0
Oahu	2040-01-23-22:00	849.63	0	0	744.864	0	104.766	0
Oahu	2040-02-23-00:00	722.843	0	0	671.316	0	51.5278	0
Oahu	2040-02-23-02:00	650.426	0	0	629.199	0	21.2277	0
Oahu	2040-02-23-04:00	648.514	0	0	638.781	0	9.73339	0
Oahu	2040-02-23-06:00	751.575	0	0	715.927	0	35.6475	0
Oahu	2040-02-23-08:00	1254.95	0	0	838.38	283.312	133.256	0
Oahu	2040-02-23-10:00	1545.09	0	0	888.961	562.616	93.5164	0
Oahu	2040-02-23-12:00	1641.78	0	0	890.89	676.816	74.0782	0
Oahu	2040-02-23-14:00	1623.72	0	0	888.007	643.862	91.8514	0
Oahu	2040-02-23-16:00	1441.54	0	0	897.467	427.124	116.953	0
Oahu	2040-02-23-18:00	1096.08	0	0	932.564	0	163.511	0
Oahu	2040-02-23-20:00	1026.63	0	0	880.381	0	146.248	0
Oahu	2040-02-23-22:00	887.883	0	0	783.117	0	104.766	0
Oahu	2040-03-23-00:00	720.52	0	0	668.992	0	51.5278	0
Oahu	2040-03-23-02:00	651.244	0	0	630.016	0	21.2277	0
Oahu	2040-03-23-04:00	647.56	0	0	637.827	0	9.73339	0
Oahu	2040-03-23-06:00	728.656	0	0	693.008	0	35.6475	0
Oahu	2040-03-23-08:00	1784.67	0	0	804.209	847.201	133.256	0
Oahu	2040-03-23-10:00	1725.82	0	0	838.871	793.435	93.5164	0
Oahu	2040-03-23-12:00	1765.07	0	0	843.791	847.201	74.0782	0
Oahu	2040-03-23-14:00	1635.62	0	0	841.351	702.421	91.8514	0
Oahu	2040-03-23-16:00	1672.91	0	0	850.777	705.184	116.953	0
Oahu	2040-03-23-18:00	1046.15	0	0	882.644	0	163.511	0
Oahu	2040-03-23-20:00	1003.32	0	0	857.074	0	146.248	0
Oahu	2040-03-23-22:00	858.476	0	0	753.71	0	104.766	0
Oahu	2040-04-23-00:00	705.165	0	0	653.637	0	51.5278	0
Oahu	2040-04-23-02:00	644.961	0	0	623.733	0	21.2277	0
Oahu	2040-04-23-04:00	673.921	0	0	664.187	0	9.73339	0
Oahu	2040-04-23-06:00	854.686	0	0	819.039	0	35.6475	0
Oahu	2040-04-23-08:00	1534.18	0	0	903.314	497.614	133.256	0
Oahu	2040-04-23-10:00	1648.12	0	0	943.209	611.396	93.5164	0
Oahu	2040-04-23-12:00	1697.89	0	0	957.153	666.656	74.0782	0
Oahu	2040-04-23-14:00	1504.31	0	0	960.09	452.368	91.8514	0
Oahu	2040-04-23-16:00	1435.05	0	0	952.396	365.697	116.953	0
Oahu	2040-04-23-18:00	1116.73	0	0	953.221	0	163.511	0
Oahu	2040-04-23-20:00	1061.15	0	0	914.9	0	146.248	0
Oahu	2040-04-23-22:00	871.935	0	0	767.17	0	104.766	0
Oahu	2040-05-23-00:00	748.168	0	0	696.64	0	51.5278	0
Oahu	2040-05-23-02:00	686.09	0	0	664.862	0	21.2277	0
Oahu	2040-05-23-04:00	721.974	0	0	712.24	0	9.73339	0
Oahu	2040-05-23-06:00	900.674	0	0	865.027	0	35.6475	0
Oahu	2040-05-23-08:00	1688.82	0	0	950.992	604.569	133.256	0
Oahu	2040-05-23-10:00	1598.22	0	0	985.606	519.101	93.5164	0
Oahu	2040-05-23-12:00	1799.33	0	0	992.564	732.683	74.0782	0
Oahu	2040-05-23-14:00	1507.7	0	0	984.638	431.207	91.8514	0
Oahu	2040-05-23-16:00	1280.19	0	0	954.127	209.109	116.953	0
Oahu	2040-05-23-18:00	1100.63	0	0	937.123	0	163.511	0
Oahu	2040-05-23-20:00	1052.78	0	0	906.531	0	146.248	0
Oahu	2040-05-23-22:00	901.049	0	0	796.283	0	104.766	0
Oahu	2040-06-23-00:00	736.194	0	0	684.666	0	51.5278	0
Oahu	2040-06-23-02:00	673.85	0	0	652.622	0	21.2277	0
Oahu	2040-06-23-04:00	704.452	0	0	694.719	0	9.73339	0
Oahu	2040-06-23-06:00	870.157	0	0	834.509	0	35.6475	0
Oahu	2040-06-23-08:00	1556.72	0	0	928.005	495.459	133.256	0
Oahu	2040-06-23-10:00	1590.25	0	0	975.942	520.792	93.5164	0
Oahu	2040-06-23-12:00	1805.62	0	0	989.388	742.154	74.0782	0
Oahu	2040-06-23-14:00	1692.37	0	0	990.594	609.928	91.8514	0
Oahu	2040-06-23-16:00	1316.56	0	0	974.204	225.398	116.953	0
Oahu	2040-06-23-18:00	1118.41	0	0	954.897	0	163.511	0
Oahu	2040-06-23-20:00	1090.38	0	0	944.129	0	146.248	0
Oahu	2040-06-23-22:00	910.345	0	0	805.579	0	104.766	0
Oahu	2040-07-23-00:00	771.408	0	0	719.88	0	51.5278	0
Oahu	2040-07-23-02:00	705.567	0	0	684.339	0	21.2277	0
Oahu	2040-07-23-04:00	730.99	0	0	721.256	0	9.73339	0
Oahu	2040-07-23-06:00	893.539	0	0	857.892	0	35.6475	0
Oahu	2040-07-23-08:00	1078.37	0	0	945.111	0	133.256	0
Oahu	2040-07-23-10:00	1586.28	0	0	993.838	498.923	93.5164	0
Oahu	2040-07-23-12:00	1389.14	0	0	1003.73	311.338	74.0782	0
Oahu	2040-07-23-14:00	1426.27	0	0	1000.09	334.324	91.8514	0
Oahu	2040-07-23-16:00	1517.55	0	0	990.765	409.829	116.953	0
Oahu	2040-07-23-18:00	1133.08	0	0	969.57	0	163.511	0
Oahu	2040-07-23-20:00	1094.18	0	0	947.932	0	146.248	0
Oahu	2040-07-23-22:00	922.394	0	0	817.628	0	104.766	0
Oahu	2040-08-23-00:00	766.092	0	0	714.564	0	51.5278	0
Oahu	2040-08-23-02:00	693.525	0	0	672.297	0	21.2277	0
Oahu	2040-08-23-04:00	691.21	0	0	681.477	0	9.73339	0
Oahu	2040-08-23-06:00	793.467	0	0	757.819	0	35.6475	0
Oahu	2040-08-23-08:00	1709.15	0	0	886.126	689.763	133.256	0
Oahu	2040-08-23-10:00	1332.94	0	0	934.05	305.377	93.5164	0
Oahu	2040-08-23-12:00	1722.58	0	0	937.764	710.733	74.0782	0
Oahu	2040-08-23-14:00	1495.65	0	0	934.139	469.657	91.8514	0
Oahu	2040-08-23-16:00	1464.05	0	0	928.891	418.201	116.953	0
Oahu	2040-08-23-18:00	1082.55	0	0	919.036	0	163.511	0
Oahu	2040-08-23-20:00	1046.15	0	0	899.9	0	146.248	0
Oahu	2040-08-23-22:00	917.583	0	0	812.817	0	104.766	0
Oahu	2040-09-23-00:00	740.515	0	0	688.987	0	51.5278	0
Oahu	2040-09-23-02:00	682.532	0	0	661.304	0	21.2277	0
Oahu	2040-09-23-04:00	722.28	0	0	712.547	0	9.73339	0
Oahu	2040-09-23-06:00	897.785	0	0	862.137	0	35.6475	0
Oahu	2040-09-23-08:00	1727.94	0	0	942.289	652.39	133.256	0
Oahu	2040-09-23-10:00	1483.28	0	0	976.917	412.847	93.5164	0
Oahu	2040-09-23-12:00	1812.89	0	0	993.041	745.771	74.0782	0
Oahu	2040-09-23-14:00	1712.01	0	0	993.907	626.251	91.8514	0
Oahu	2040-09-23-16:00	1597.31	0	0	978.395	501.964	116.953	0
Oahu	2040-09-23-18:00	1171.91	0	0	1008.4	0	163.511	0
Oahu	2040-09-23-20:00	1071.48	0	0	925.231	0	146.248	0
Oahu	2040-09-23-22:00	888.591	0	0	783.826	0	104.766	0
Oahu	2040-10-23-00:00	737.06	0	0	685.532	0	51.5278	0
Oahu	2040-10-23-02:00	677.625	0	0	656.398	0	21.2277	0
Oahu	2040-10-23-04:00	705.447	0	0	695.714	0	9.73339	0
Oahu	2040-10-23-06:00	878.532	0	0	842.885	0	35.6475	0
Oahu	2040-10-23-08:00	1643.4	0	0	918.116	592.024	133.256	0
Oahu	2040-10-23-10:00	1862.79	0	0	954.386	814.891	93.5164	0
Oahu	2040-10-23-12:00	1588.47	0	0	968.112	546.283	74.0782	0
Oahu	2040-10-23-14:00	1694.25	0	0	964.793	637.604	91.8514	0
Oahu	2040-10-23-16:00	1330.61	0	0	951.612	262.047	116.953	0
Oahu	2040-10-23-18:00	1150.48	0	0	986.969	0	163.511	0
Oahu	2040-10-23-20:00	1053.24	0	0	906.994	0	146.248	0
Oahu	2040-10-23-22:00	885.845	0	0	781.079	0	104.766	0
Oahu	2040-11-23-00:00	709.172	0	0	657.645	0	51.5278	0
Oahu	2040-11-23-02:00	649.786	0	0	628.558	0	21.2277	0
Oahu	2040-11-23-04:00	652.76	0	0	643.026	0	9.73339	0
Oahu	2040-11-23-06:00	738.054	0	0	702.406	0	35.6475	0
Oahu	2040-11-23-08:00	1313.11	0	0	812.681	367.172	133.256	0
Oahu	2040-11-23-10:00	1383.16	0	0	863.228	426.414	93.5164	0
Oahu	2040-11-23-12:00	1550.77	0	0	858.798	617.891	74.0782	0
Oahu	2040-11-23-14:00	1306.29	0	0	850.395	364.046	91.8514	0
Oahu	2040-11-23-16:00	1146.17	0	0	872.053	157.163	116.953	0
Oahu	2040-11-23-18:00	1105.87	0	0	942.357	0	163.511	0
Oahu	2040-11-23-20:00	1015.92	0	0	869.675	0	146.248	0
Oahu	2040-11-23-22:00	860.213	0	0	755.448	0	104.766	0
Oahu	2040-12-23-00:00	712.41	0	0	660.882	0	51.5278	0
Oahu	2040-12-23-02:00	643.938	0	0	622.711	0	21.2277	0
Oahu	2040-12-23-04:00	673.873	0	0	664.139	0	9.73339	0
Oahu	2040-12-23-06:00	833.826	0	0	798.178	0	35.6475	0
Oahu	2040-12-23-08:00	1018.18	0	0	884.927	0	133.256	0
Oahu	2040-12-23-10:00	1436.49	0	0	924.482	418.497	93.5164	0
Oahu	2040-12-23-12:00	1559.61	0	0	925.19	560.341	74.0782	0
Oahu	2040-12-23-14:00	1772.33	0	0	919.65	760.828	91.8514	0
Oahu	2040-12-23-16:00	1218.6	0	0	907.199	194.449	116.953	0
Oahu	2040-12-23-18:00	1115.93	0	0	952.416	0	163.511	0
Oahu	2040-12-23-20:00	1035.98	0	0	889.732	0	146.248	0
Oahu	2040-12-23-22:00	889.062	0	0	784.296	0	104.766	0
Oahu	2045-01-23-00:00	727.435	0	0	661.515	0	65.9202	0
Oahu	2045-01-23-02:00	657.936	0	0	630.779	0	27.157	0
Oahu	2045-01-23-04:00	693.495	0	0	681.043	0	12.4521	0
Oahu	2045-01-23-06:00	899.918	0	0	854.313	0	45.6044	0
Oahu	2045-01-23-08:00	1304.98	0	0	899.347	235.153	170.477	0
Oahu	2045-01-23-10:00	2219.38	0	0	923.275	1176.47	119.637	0
Oahu	2045-01-23-12:00	2316.12	0	0	929.78	1291.57	94.7694	0
Oahu	2045-01-23-14:00	2081.74	0	0	924.486	1039.75	117.507	0
Oahu	2045-01-23-16:00	1199.45	0	0	919.741	130.089	149.62	0
Oahu	2045-01-23-18:00	1192.12	0	0	982.937	0	209.182	0
Oahu	2045-01-23-20:00	1091.01	0	0	903.909	0	187.097	0
Oahu	2045-01-23-22:00	896.226	0	0	762.198	0	134.028	0
Oahu	2045-02-23-00:00	752.145	0	0	686.224	0	65.9202	0
Oahu	2045-02-23-02:00	669.876	0	0	642.719	0	27.157	0
Oahu	2045-02-23-04:00	665.069	0	0	652.617	0	12.4521	0
Oahu	2045-02-23-06:00	777.911	0	0	732.307	0	45.6044	0
Oahu	2045-02-23-08:00	2023.69	0	0	858.798	994.417	170.477	0
Oahu	2045-02-23-10:00	2316.02	0	0	911.047	1285.33	119.637	0
Oahu	2045-02-23-12:00	2486.2	0	0	913.039	1478.39	94.7694	0
Oahu	2045-02-23-14:00	2253.81	0	0	910.061	1226.25	117.507	0
Oahu	2045-02-23-16:00	1695.89	0	0	919.833	626.439	149.62	0
Oahu	2045-02-23-18:00	1165.27	0	0	956.088	0	209.182	0
Oahu	2045-02-23-20:00	1089.28	0	0	902.184	0	187.097	0
Oahu	2045-02-23-22:00	935.741	0	0	801.712	0	134.028	0
Oahu	2045-03-23-00:00	749.744	0	0	683.824	0	65.9202	0
Oahu	2045-03-23-02:00	670.72	0	0	643.563	0	27.157	0
Oahu	2045-03-23-04:00	664.083	0	0	651.631	0	12.4521	0
Oahu	2045-03-23-06:00	754.236	0	0	708.632	0	45.6044	0
Oahu	2045-03-23-08:00	2091.76	0	0	823.5	1097.79	170.477	0
Oahu	2045-03-23-10:00	978.942	0	0	859.305	0	119.637	0
Oahu	2045-03-23-12:00	2445.18	0	0	864.387	1486.02	94.7694	0
Oahu	2045-03-23-14:00	1320.23	0	0	861.867	340.857	117.507	0
Oahu	2045-03-23-16:00	1784.07	0	0	871.603	762.851	149.62	0
Oahu	2045-03-23-18:00	1113.7	0	0	904.521	0	209.182	0
Oahu	2045-03-23-20:00	1065.21	0	0	878.108	0	187.097	0
Oahu	2045-03-23-22:00	905.364	0	0	771.335	0	134.028	0
Oahu	2045-04-23-00:00	733.883	0	0	667.963	0	65.9202	0
Oahu	2045-04-23-02:00	664.23	0	0	637.073	0	27.157	0
Oahu	2045-04-23-04:00	691.313	0	0	678.861	0	12.4521	0
Oahu	2045-04-23-06:00	884.423	0	0	838.819	0	45.6044	0
Oahu	2045-04-23-08:00	1682.51	0	0	925.873	586.164	170.477	0
Oahu	2045-04-23-10:00	2330.46	0	0	967.084	1243.74	119.637	0
Oahu	2045-04-23-12:00	2562.28	0	0	981.487	1486.02	94.7694	0
Oahu	2045-04-23-14:00	2289.99	0	0	984.521	1187.96	117.507	0
Oahu	2045-04-23-16:00	1688.29	0	0	976.573	562.097	149.62	0
Oahu	2045-04-23-18:00	1186.61	0	0	977.425	0	209.182	0
Oahu	2045-04-23-20:00	1124.94	0	0	937.84	0	187.097	0
Oahu	2045-04-23-22:00	919.268	0	0	785.239	0	134.028	0
Oahu	2045-05-23-00:00	778.305	0	0	712.384	0	65.9202	0
Oahu	2045-05-23-02:00	706.715	0	0	679.558	0	27.157	0
Oahu	2045-05-23-04:00	740.95	0	0	728.498	0	12.4521	0
Oahu	2045-05-23-06:00	931.928	0	0	886.323	0	45.6044	0
Oahu	2045-05-23-08:00	1949.94	0	0	975.123	804.339	170.477	0
Oahu	2045-05-23-10:00	2170.76	0	0	1010.88	1040.24	119.637	0
Oahu	2045-05-23-12:00	2342.84	0	0	1018.07	1230	94.7694	0
Oahu	2045-05-23-14:00	2030.32	0	0	1009.88	902.937	117.507	0
Oahu	2045-05-23-16:00	1419.93	0	0	978.361	291.952	149.62	0
Oahu	2045-05-23-18:00	1169.98	0	0	960.797	0	209.182	0
Oahu	2045-05-23-20:00	1116.29	0	0	929.196	0	187.097	0
Oahu	2045-05-23-22:00	949.341	0	0	815.313	0	134.028	0
Oahu	2045-06-23-00:00	765.936	0	0	700.015	0	65.9202	0
Oahu	2045-06-23-02:00	694.071	0	0	666.914	0	27.157	0
Oahu	2045-06-23-04:00	722.851	0	0	710.399	0	12.4521	0
Oahu	2045-06-23-06:00	900.404	0	0	854.799	0	45.6044	0
Oahu	2045-06-23-08:00	1219.77	0	0	951.378	97.9122	170.477	0
Oahu	2045-06-23-10:00	2579.27	0	0	1000.9	1458.74	119.637	0
Oahu	2045-06-23-12:00	2595.58	0	0	1014.79	1486.02	94.7694	0
Oahu	2045-06-23-14:00	2565.72	0	0	1016.03	1432.18	117.507	0
Oahu	2045-06-23-16:00	1632.46	0	0	999.101	483.736	149.62	0
Oahu	2045-06-23-18:00	1188.34	0	0	979.157	0	209.182	0
Oahu	2045-06-23-20:00	1155.13	0	0	968.034	0	187.097	0
Oahu	2045-06-23-22:00	958.944	0	0	824.915	0	134.028	0
Oahu	2045-07-23-00:00	802.31	0	0	736.39	0	65.9202	0
Oahu	2045-07-23-02:00	726.834	0	0	699.678	0	27.157	0
Oahu	2045-07-23-04:00	750.264	0	0	737.812	0	12.4521	0
Oahu	2045-07-23-06:00	924.557	0	0	878.953	0	45.6044	0
Oahu	2045-07-23-08:00	1354.03	0	0	969.048	214.509	170.477	0
Oahu	2045-07-23-10:00	2364.15	0	0	1019.38	1225.13	119.637	0
Oahu	2045-07-23-12:00	2362.45	0	0	1029.6	1238.08	94.7694	0
Oahu	2045-07-23-14:00	2108.39	0	0	1025.84	965.035	117.507	0
Oahu	2045-07-23-16:00	1780.05	0	0	1016.21	614.22	149.62	0
Oahu	2045-07-23-18:00	1203.5	0	0	994.314	0	209.182	0
Oahu	2045-07-23-20:00	1159.06	0	0	971.962	0	187.097	0
Oahu	2045-07-23-22:00	971.39	0	0	837.362	0	134.028	0
Oahu	2045-08-23-00:00	796.819	0	0	730.899	0	65.9202	0
Oahu	2045-08-23-02:00	714.395	0	0	687.238	0	27.157	0
Oahu	2045-08-23-04:00	709.173	0	0	696.721	0	12.4521	0
Oahu	2045-08-23-06:00	821.185	0	0	775.58	0	45.6044	0
Oahu	2045-08-23-08:00	2024.63	0	0	908.118	946.031	170.477	0
Oahu	2045-08-23-10:00	1942.42	0	0	957.622	865.159	119.637	0
Oahu	2045-08-23-12:00	2501.61	0	0	961.459	1445.38	94.7694	0
Oahu	2045-08-23-14:00	2174.32	0	0	957.714	1099.1	117.507	0
Oahu	2045-08-23-16:00	1812.23	0	0	952.293	710.312	149.62	0
Oahu	2045-08-23-18:00	1151.3	0	0	942.114	0	209.182	0
Oahu	2045-08-23-20:00	1109.44	0	0	922.346	0	187.097	0
Oahu	2045-08-23-22:00	966.42	0	0	832.391	0	134.028	0
Oahu	2045-09-23-00:00	770.399	0	0	704.479	0	65.9202	0
Oahu	2045-09-23-02:00	703.04	0	0	675.883	0	27.157	0
Oahu	2045-09-23-04:00	741.267	0	0	728.815	0	12.4521	0
Oahu	2045-09-23-06:00	928.943	0	0	883.338	0	45.6044	0
Oahu	2045-09-23-08:00	1462.2	0	0	966.133	325.586	170.477	0
Oahu	2045-09-23-10:00	2222.46	0	0	1001.9	1100.92	119.637	0
Oahu	2045-09-23-12:00	2599.35	0	0	1018.56	1486.02	94.7694	0
Oahu	2045-09-23-14:00	2443.51	0	0	1019.45	1306.55	117.507	0
Oahu	2045-09-23-16:00	1989.79	0	0	1003.43	836.74	149.62	0
Oahu	2045-09-23-18:00	1243.6	0	0	1034.42	0	209.182	0
Oahu	2045-09-23-20:00	1135.61	0	0	948.513	0	187.097	0
Oahu	2045-09-23-22:00	936.473	0	0	802.444	0	134.028	0
Oahu	2045-10-23-00:00	766.83	0	0	700.909	0	65.9202	0
Oahu	2045-10-23-02:00	697.971	0	0	670.814	0	27.157	0
Oahu	2045-10-23-04:00	723.879	0	0	711.427	0	12.4521	0
Oahu	2045-10-23-06:00	909.055	0	0	863.451	0	45.6044	0
Oahu	2045-10-23-08:00	2116.91	0	0	941.163	1005.27	170.477	0
Oahu	2045-10-23-10:00	2566.15	0	0	978.629	1467.88	119.637	0
Oahu	2045-10-23-12:00	2254.34	0	0	992.807	1166.76	94.7694	0
Oahu	2045-10-23-14:00	2329	0	0	989.379	1222.11	117.507	0
Oahu	2045-10-23-16:00	1329.34	0	0	975.764	203.953	149.62	0
Oahu	2045-10-23-18:00	1221.47	0	0	1012.29	0	209.182	0
Oahu	2045-10-23-20:00	1116.77	0	0	929.674	0	187.097	0
Oahu	2045-10-23-22:00	933.636	0	0	799.607	0	134.028	0
Oahu	2045-11-23-00:00	738.023	0	0	672.103	0	65.9202	0
Oahu	2045-11-23-02:00	669.214	0	0	642.057	0	27.157	0
Oahu	2045-11-23-04:00	669.454	0	0	657.002	0	12.4521	0
Oahu	2045-11-23-06:00	763.944	0	0	718.34	0	45.6044	0
Oahu	2045-11-23-08:00	1687.52	0	0	832.251	684.791	170.477	0
Oahu	2045-11-23-10:00	2113.14	0	0	884.465	1109.04	119.637	0
Oahu	2045-11-23-12:00	2342.63	0	0	879.889	1367.97	94.7694	0
Oahu	2045-11-23-14:00	1823.61	0	0	871.209	834.89	117.507	0
Oahu	2045-11-23-16:00	1103.52	0	0	893.581	60.3188	149.62	0
Oahu	2045-11-23-18:00	1175.39	0	0	966.204	0	209.182	0
Oahu	2045-11-23-20:00	1078.22	0	0	891.124	0	187.097	0
Oahu	2045-11-23-22:00	907.159	0	0	773.131	0	134.028	0
Oahu	2045-12-23-00:00	741.367	0	0	675.447	0	65.9202	0
Oahu	2045-12-23-02:00	663.174	0	0	636.017	0	27.157	0
Oahu	2045-12-23-04:00	691.264	0	0	678.812	0	12.4521	0
Oahu	2045-12-23-06:00	862.874	0	0	817.27	0	45.6044	0
Oahu	2045-12-23-08:00	1077.36	0	0	906.879	0	170.477	0
Oahu	2045-12-23-10:00	1828.47	0	0	947.738	761.092	119.637	0
Oahu	2045-12-23-12:00	2062.72	0	0	948.471	1019.48	94.7694	0
Oahu	2045-12-23-14:00	2465.51	0	0	942.747	1405.26	117.507	0
Oahu	2045-12-23-16:00	1332.54	0	0	929.885	253.034	149.62	0
Oahu	2045-12-23-18:00	1185.78	0	0	976.594	0	209.182	0
Oahu	2045-12-23-20:00	1098.94	0	0	911.842	0	187.097	0
Oahu	2045-12-23-22:00	936.958	0	0	802.93	0	134.028	0
